0.750713
0.871102
0.739905
0.319927
0.678711
0.757236
0.851109
0.919257
0.605051
0.918461
0.777235
0.612096
0.703161
0.733391
0.432694
0.599633
0.855692
0.842876
0.790687
0.713084
0.461380
0.783309
0.272331
0.591540
0.879117
0.761919
0.867010
0.820614
0.886619
0.699625
0.666713
0.654499
0.887593
0.793943
0.796807
0.833300
0.834976
0.804990
0.811803
0.828822
0.815504
0.502724
0.817225
0.900256
0.756463
0.605955
0.690990
0.966538
0.835976
0.812502
0.587837
0.824523
0.778731
0.745674
0.556780
0.854792
0.845818
0.822543
0.634350
0.640042
0.765823
0.817615
0.884018
0.633981
0.877151
0.671067
0.920052
0.934348
0.391499
0.832863
0.763881
0.630720
0.830661
0.892314
0.619543
0.794005
0.779711
0.318682
0.849787
0.787374
0.844158
0.856352
0.975603
0.811500
0.896883
0.907362
0.812179
0.926097
0.843010
0.651443
0.893483
0.575254
0.481302
0.606518
0.879295
0.895395
0.837782
0.928778
0.919089
0.892449
0.771175
0.870881
0.796382
0.707265
0.837946
0.856319
0.762198
0.779481
0.889177
0.650584
0.722198
0.907384
0.578556
0.809679
0.655150
0.651809
0.883879
0.650992
0.688141
0.506508
0.540484
0.852497
0.836569
0.867810
0.865581
0.912495
0.744235
0.586458
0.750063
0.779190
0.863199
0.887552
0.789209
0.755261
0.850591
0.877783
0.934777
0.785591
0.795317
0.636604
0.755316
0.861526
0.904307
0.792592
0.948537
0.847340
0.620603
0.779079
0.883469
0.777209
0.919864
0.825582
0.860484
0.425625
0.791897
0.944281
0.917632
0.776000
0.714377
0.731494
0.366667
0.787560
0.308211
0.854884
0.293978
0.871223
0.686242
0.868879
0.662632
0.882945
0.306159
0.810104
0.754901
0.574684
0.426544
0.729349
0.765293
0.533002
0.620250
0.879371
0.870100
0.678967
0.674577
0.743082
0.906468
0.916122
0.806278
0.759197
0.816615
0.892339
0.810275
0.735119
0.864050
0.890074
0.931719
0.904886
0.780865
0.825833
0.886118
0.838188
0.719317
0.542812
0.746124
0.665713
0.854540
0.815535
0.779088
0.768598
0.692056
0.789220
0.876231
0.578095
0.882024
0.892937
0.857295
0.868431
0.494270
0.873085
0.718574
0.616270
0.878898
0.841775
0.680940
0.551316
0.626338
0.718177
0.721302
0.829956
0.797326
0.749213
0.828877
0.878413
0.763941
0.704173
0.860224
0.898517
0.920840
0.794833
0.851834
0.741066
0.822515
0.941450
0.780635
0.870202
0.655038
0.767000
0.890568
0.948859
0.843182
0.826395
0.979140
0.835994
0.848629
0.710714
0.900881
0.860128
0.869492
0.589622
0.862017
0.809961
0.886921
0.890533
0.813325
0.773610
0.915075
0.806729
0.697930
0.733184
0.729954
0.910280
0.814614
0.919526
0.821057
0.848484
0.859080
0.905627
0.576431
0.873404
0.947898
0.720842
0.677673
0.619711
0.914416
0.837900
0.758135
0.864646
0.598144
0.823237
0.870281
0.756616
0.818351
0.706613
0.792090
0.775207
0.860540
0.703780
0.585138
0.860146
0.872082
0.848042
0.874523
0.866352
0.683830
0.845081
0.645967
0.861402
0.857994
0.445075
0.765926
0.610694
0.781195
0.740017
0.895939
0.569689
0.458391
0.854816
0.450013
0.816347
0.617576
0.949730
0.816894
0.531751
0.903027
0.754927
0.835481
0.888329
0.891425
0.800451
0.836633
0.928515
0.613204
0.798291
0.788460
0.700513
0.918903
0.688909
0.739784
0.925183
0.459902
0.938348
0.775715
0.731630
0.649920
0.905868
0.577698
0.884891
0.905943
0.618633
0.652534
0.695763
0.768234
0.918018
0.811633
0.762194
0.819398
0.622144
0.540181
0.843602
0.821019
0.810413
0.828636
0.733490
0.456613
0.463711
0.487209
0.709086
0.502963
0.809708
0.688959
0.757735
0.923183
0.656357
0.740718
0.695665
0.891174
0.872956
0.524457
0.915556
0.892638
0.888278
0.798342
0.886976
0.679795
0.516678
0.864263
0.812083
0.408979
0.864044
0.614743
0.359573
0.879891
0.955934
0.801026
0.856082
0.767842
0.595898
0.698758
0.582374
0.883372
0.725420
0.806193
0.681954
0.927592
0.928321
0.748659
0.531555
0.732715
0.459652
0.752867
0.903467
0.781303
0.773989
0.769054
0.838548
0.724474
0.478991
0.649390
0.713607
0.795529
0.935064
0.751338
0.811517
0.837345
0.813895
0.933875
0.930764
0.683553
0.818416
0.831117
0.857321
0.941105
0.537504
0.817023
0.586382
0.915978
0.872510
0.902560
0.802976
0.677139
0.924827
0.874562
0.807112
0.831861
0.710080
0.810225
0.646525
0.850478
0.865285
0.891471
0.946625
0.415736
0.634877
0.811259
0.795262
0.715488
0.873187
0.692421
0.860165
0.846847
0.807596
0.907570
0.919965
0.933078
0.917986
0.873876
0.687192
0.651893
0.720861
0.924073
0.677923
0.752914
0.930810
0.680244
0.798692
0.661925
0.930370
0.592338
0.798328
0.831605
0.835070
0.861289
0.893627
0.840245
0.873332
0.414425
0.859136
0.644466
0.810170
0.421567
0.664126
0.895086
0.285387
0.911813
0.775059
0.717102
0.936049
0.522487
0.826349
0.656690
0.692688
0.902403
0.587640
0.798716
0.703532
0.856593
0.695890
0.819012
0.887088
0.879396
0.861599
0.664641
0.795197
0.606937
0.436270
0.902780
0.608397
0.787240
0.622089
0.793572
0.838234
0.946822
0.886806
0.509185
0.903238
0.809987
0.917824
0.853754
0.793510
0.763774
0.704845
0.957511
0.523837
0.771316
0.933770
0.880904
0.864987
0.813363
0.765115
0.759882
0.870552
0.887325
0.892374
0.925249
0.820725
0.614566
0.642486
0.819128
0.818574
0.834435
0.849388
0.825108
0.924140
0.741964
0.849724
0.923067
0.822253
0.725786
0.803419
0.802010
0.561874
0.556805
0.910627
0.794505
0.897357
0.844547
0.765994
0.926803
0.699993
0.628542
0.400350
0.778271
0.372752
0.697397
0.923659
0.558741
0.885425
0.833261
0.846355
0.616420
0.939271
0.906209
0.445581
0.523968
0.687484
0.867793
0.392712
0.873937
0.881239
0.893680
0.850047
0.864379
0.498926
0.760948
0.921757
0.875745
0.632750
0.915799
0.794089
0.923663
0.722518
0.785604
0.767989
0.711511
0.897554
0.907926
0.529499
0.792511
0.701203
0.832424
0.913917
0.897965
0.617042
0.631532
0.915910
0.675243
0.910946
0.716345
0.725110
0.669560
0.794261
0.354985
0.896081
0.942320
0.876401
0.768362
0.828234
0.850865
0.903768
0.798980
0.810630
0.938442
0.644578
0.605052
0.810988
0.846200
0.497752
0.930180
0.816076
0.897953
0.838753
0.829138
0.878032
0.846914
0.282216
0.481643
0.864958
0.751298
0.800586
0.747330
0.886369
0.804868
0.647302
0.680161
0.676849
0.478502
0.522698
0.911026
0.760804
0.677292
0.842941
0.918667
0.808797
0.835917
0.596726
0.842957
0.842854
0.915365
0.766146
0.529607
0.623902
0.843726
0.767717
0.532992
0.793267
0.731795
0.464506
0.801015
0.662115
0.709864
0.713685
0.864434
0.891554
0.931198
0.918524
0.789957
0.887622
0.880437
0.856845
0.669148
0.592669
0.712912
0.748069
0.679145
0.802061
0.852051
0.730654
0.803656
0.724654
0.818572
0.804899
0.687225
0.616683
0.615703
0.578626
0.795807
0.625590
0.575467
0.904129
0.632720
0.713988
0.887508
0.842906
0.516954
0.814541
0.358954
0.803223
0.558212
0.789244
0.855430
0.775742
0.876040
0.556643
0.796008
0.347989
0.774932
0.860306
0.812886
0.840334
0.740144
0.787157
0.914817
0.950309
0.890320
0.735061
0.602489
0.633488
0.706023
0.824330
0.796988
0.928577
0.883860
0.854915
0.550205
0.657071
0.703208
0.717612
0.565752
0.834855
0.519438
0.777458
0.840873
0.642719
0.888050
0.729261
0.866959
0.776089
0.868591
0.697900
0.862752
0.880781
0.818682
0.891837
0.686297
0.919121
0.913249
0.789551
0.732573
0.829484
0.884367
0.855023
0.884522
0.888325
0.511575
0.741419
0.906710
0.662292
0.867417
0.905200
0.820700
0.456858
0.595564
0.924330
0.521478
0.919486
0.721962
0.910908
0.776958
0.579305
0.871195
0.823074
0.445028
0.864131
0.795983
0.874510
0.875829
0.601251
0.643879
0.896316
0.863921
0.601826
0.730434
0.291837
0.792050
0.911646
0.706890
0.754133
0.812977
0.582850
0.797739
0.418861
0.866306
0.923540
0.842194
0.839593
0.832509
0.729647
0.855084
0.617137
0.855675
0.899122
0.486816
0.916589
0.932844
0.690750
0.790101
0.884556
0.296562
0.883199
0.856964
0.766741
0.733227
0.564964
0.778011
0.676658
0.829379
0.762888
0.841857
0.626791
0.734705
0.893983
0.842562
0.931455
0.902070
0.699724
0.919590
0.481126
0.838560
0.897114
0.886302
0.333962
0.802525
0.713605
0.863069
0.778452
0.662321
0.873557
0.771192
0.880117
0.874700
0.826615
0.868809
0.914462
0.886893
0.768657
0.767050
0.875333
0.910599
0.898751
0.901583
0.768500
0.884796
0.493524
0.747792
0.835968
0.364898
0.793811
0.913943
0.850885
0.756887
0.765752
0.877667
0.685053
0.884175
0.778769
0.884253
0.868396
0.633219
0.633037
0.453414
0.542776
0.799204
0.613279
0.503990
0.780334
0.730999
0.809685
0.223987
0.852477
0.826514
0.916050
0.787992
0.933846
0.865620
0.904537
0.641945
0.867400
0.835614
0.757122
0.759193
0.813981
0.784249
0.890905
0.935747
0.749998
0.875901
0.846480
0.743709
0.909028
0.461327
0.926429
0.825558
0.809625
0.812196
0.838335
0.661068
0.914910
0.357875
0.893006
0.663684
0.945642
0.702017
0.140099
0.633243
0.845653
0.813158
0.961694
0.430002
0.678302
0.624137
0.827534
0.888260
0.901796
0.635310
0.683896
0.882057
0.793241
0.334166
0.717629
0.758801
0.760367
0.605135
0.723528
0.776215
0.775632
0.540452
0.746311
0.596199
0.911164
0.828435
0.805595
0.473675
0.817400
0.876289
0.915740
0.783367
0.794362
0.873325
0.790653
0.924138
0.864168
0.649613
0.585355
0.762867
0.839644
0.862968
0.919597
0.695472
0.883988
0.653346
0.893288
0.747546
0.916243
0.877193
0.840310
0.640690
0.462924
0.378821
0.927145
0.916599
0.719917
0.858350
0.880566
0.793094
0.773674
0.911730
0.690434
0.673791
0.601280
0.835016
0.730495
0.904486
0.902780
0.873819
0.932091
0.858537
0.717191
0.689647
0.870597
0.740550
0.855326
0.929899
0.845619
0.878119
0.769693
0.752975
0.653445
0.863042
0.582392
0.789732
0.747428
0.890011
0.856108
0.779772
0.626659
0.878068
0.660277
0.543533
0.730028
0.468863
0.918149
0.451346
0.617705
0.825339
0.758099
0.765292
0.941456
0.530467
0.831245
0.866493
0.655722
0.598263
0.896393
0.847108
0.915020
0.865524
0.926624
0.845386
0.864468
0.884185
0.867200
0.901184
0.880844
0.907962
0.885004
0.856516
0.955938
0.834250
0.823453
0.672923
0.544169
0.881507
0.672266
0.809207
0.708131
0.785501
0.828654
0.891414
0.764523
0.597871
0.931829
0.743004
0.828136
0.800500
0.713925
0.932630
0.369209
0.449965
0.401061
0.769658
0.896783
0.849318
0.941782
0.906585
0.470814
0.772684
0.811922
0.893199
0.710628
0.677072
0.293750
0.896307
0.838814
0.566074
0.713248
0.633378
0.727270
0.527833
0.735190
0.852315
0.858260
0.894539
0.641198
0.919871
0.682576
0.929914
0.881698
0.890077
0.737812
0.398519
0.695056
0.766999
0.752784
0.782152
0.613865
0.932790
0.943115
0.927799
0.666681
0.885730
0.870414
0.563172
0.769897
0.706133
0.760691
0.427021
0.864925
0.604405
0.903962
0.858531
0.745691
0.874624
0.607617
0.857065
0.621692
0.881719
0.714954
0.921015
0.642136
0.778949
0.646356
0.710741
0.835558
0.905051
0.861606
0.743416
0.870630
0.737342
0.790191
0.951659
0.609822
0.821145
0.563465
0.573840
0.462837
0.774059
0.572646
0.887617
0.879168
0.560426
0.819444
0.952222
0.759825
0.737615
0.863963
0.554683
0.674763
0.796389
0.613154
0.823999
0.906418
0.641408
0.612723
0.720186
0.616149
0.836351
0.491157
0.788671
0.804462
0.832363
0.229105
0.839409
0.914759
0.846816
0.657574
0.900199
0.691057
0.315597
0.738403
0.874326
0.716467
0.943704
0.846754
0.856615
0.802571
0.777974
0.855760
0.640771
0.921769
0.821852
0.809082
0.820195
0.863540
0.491043
0.885794
0.840010
0.904767
0.821140
0.850325
0.877179
0.895573
0.800202
0.555854
0.574644
0.755761
0.816697
0.948427
0.616273
0.550437
0.893371
0.693035
0.683323
0.844397
0.845737
0.724925
0.864928
0.900846
0.892102
0.918846
0.893272
0.597970
0.399916
0.848649
0.829922
0.510230
0.904732
0.741699
0.946803
0.896499
0.875397
0.848945
0.716372
0.814799
0.839884
0.689825
0.511091
0.845421
0.769512
0.770514
0.722340
0.759006
0.822318
0.812383
0.382351
0.910375
0.883092
0.450246
0.880863
0.746729
0.632604
0.937691
0.831842
0.684657
0.579801
0.584249
0.622536
0.936771
0.388247
0.888097
0.697029
0.865273
0.915768
0.852078
0.634367
0.878242
0.720847
0.847618
0.816546
0.851884
0.698058
0.882276
0.824226
0.747897
0.927183
0.388888
0.862288
0.879521
0.684365
0.619136
0.898094
0.845998
0.636238
0.939593
0.797366
0.839124
0.894835
0.560529
0.857930
0.888433
0.943411
0.863489
0.907086
0.699989
0.777203
0.869829
0.793630
0.879701
0.747716
0.637509
0.859580
0.628606
0.824343
0.794398
0.763805
0.412446
0.889874
0.932055
0.883004
0.564642
0.880042
0.944167
0.847721
0.787605
0.732667
0.868765
0.795185
0.788892
0.820234
0.665604
0.954107
0.476248
0.246806
0.538854
0.738084
0.909433
0.493508
0.765885
0.842164
0.919061
0.898875
0.552545
0.736268
0.667880
0.914310
0.923420
0.828559
0.832624
0.810858
0.875599
0.865577
0.805879
0.889308
0.810610
0.859750
0.746302
0.792753
0.778702
0.809918
0.782544
0.681624
0.638688
0.397220
0.895209
0.824284
0.898278
0.815816
0.969840
0.895407
0.718994
0.784556
0.518408
0.961734
0.639555
0.372231
0.846039
0.892399
0.938129
0.820127
0.905521
0.949778
0.887341
0.822854
0.835182
0.805507
0.763296
0.885893
0.935879
0.847996
0.922270
0.905820
0.861250
0.895258
0.396020
0.898279
0.856427
0.846901
0.739649
0.893455
0.883106
0.814159
0.904191
0.857986
0.939984
0.597777
0.491657
0.858847
0.720037
0.850555
0.929870
0.779142
0.593960
0.708057
0.893462
0.777329
0.757200
0.585659
0.944098
0.913394
0.761402
0.587386
0.945007
0.810968
0.905038
0.945112
0.931288
0.875997
0.697189
0.703011
0.576830
0.539679
0.783813
0.705052
0.904180
0.661485
0.822650
0.545074
0.845689
0.559425
0.719679
0.755308
0.864290
0.826436
0.508192
0.695422
0.810707
0.525286
0.855767
0.762126
0.548922
0.726266
0.434627
0.766393
0.894832
0.650401
0.642242
0.556156
0.757450
0.429369
0.717636
0.791913
0.760840
0.754057
0.791274
0.905852
0.720513
0.678951
0.896630
0.650939
0.899067
0.787589
0.740200
0.926969
0.822203
0.474794
0.588630
0.875413
0.901849
0.857137
0.758348
0.796441
0.890985
0.536186
0.664586
0.814817
0.786492
0.848474
0.878729
0.882598
0.909520
0.771396
0.895470
0.731938
0.830705
0.829052
0.821400
0.945791
0.907197
0.668570
0.929141
0.907399
0.906153
0.775752
0.928876
0.777675
0.585384
0.836424
0.619489
0.912141
0.902797
0.831312
0.860694
0.686732
0.777872
0.820678
0.849208
0.439223
0.883989
0.779628
0.472652
0.929917
0.615234
0.874709
0.827216
0.872894
0.853446
0.483265
0.868796
0.552781
0.662038
0.942939
0.774459
0.868030
0.865888
0.450708
0.868100
0.752317
0.251954
0.951500
0.825057
0.847583
0.864689
0.652418
0.555996
0.892248
0.733916
0.781500
0.848236
0.854578
0.722529
0.440711
0.765558
0.901241
0.791210
0.596286
0.890195
0.927471
0.723722
0.783311
0.859847
0.808130
0.916822
0.501974
0.717131
0.900419
0.799088
0.629588
0.551671
0.890870
0.755960
0.854047
0.761924
0.952241
0.742089
0.725717
0.664654
0.728748
0.713623
0.874589
0.899044
0.618701
0.763385
0.923962
0.593977
0.877700
0.849434
0.728250
0.818244
0.943043
0.762628
0.833525
0.833377
0.837037
0.800351
0.919345
0.789063
0.836612
0.606977
0.834992
0.842914
0.755250
0.770865
0.908809
0.692385
0.762455
0.751819
0.829503
0.874275
0.627900
0.525397
0.496713
0.852664
0.634186
0.934758
0.745376
0.807246
0.915112
0.857811
0.842124
0.908376
0.880821
0.679310
0.903576
0.656833
0.854777
0.883865
0.845816
0.746917
0.946364
0.790059
0.919141
0.893896
0.447194
0.543586
0.676983
0.879703
0.838648
0.927538
0.727156
0.972628
0.622977
0.860810
0.778483
0.910008
0.889613
0.650192
0.655639
0.914421
0.725871
0.880685
0.932971
0.791082
0.871843
0.759413
0.593146
0.696260
0.802328
0.926563
0.595444
0.785688
0.605001
0.794154
0.857559
0.829172
0.553625
0.769597
0.904133
0.666225
0.499193
0.832135
0.823241
0.844430
0.724743
0.625252
0.806747
0.763202
0.783540
0.670303
0.628058
0.919213
0.917473
0.882493
0.543388
0.837868
0.500651
0.841467
0.825957
0.627034
0.839100
0.921019
0.936770
0.890997
0.924694
0.933568
0.486220
0.888085
0.856832
0.548760
0.751186
0.540493
0.899380
0.837476
0.805263
0.864323
0.727658
0.883759
0.878469
0.766421
0.884962
0.791432
0.878992
0.816259
0.721605
0.841714
0.466072
0.561268
0.867993
0.857953
0.865170
0.847537
0.871176
0.744495
0.880287
0.609352
0.448993
0.862549
0.745244
0.453016
0.891937
0.956562
0.778857
0.946913
0.903942
0.883517
0.938155
0.843537
0.506900
0.853521
0.725949
0.771728
0.861770
0.860849
0.815847
0.605268
0.765958
0.743241
0.418698
0.824917
0.902258
0.862976
0.478347
0.707575
0.678522
0.814357
0.781706
0.553762
0.654614
0.893434
0.854742
0.602757
0.653492
0.858918
0.836522
0.507400
0.878541
0.792685
0.842152
0.906122
0.778895
0.813708
0.876285
0.677628
0.806124
0.928169
0.844825
0.578615
0.781050
0.770738
0.534984
0.939901
0.819506
0.774627
0.785091
0.733351
0.849769
0.733558
0.800842
0.942180
0.895705
0.927586
0.835425
0.837280
0.722055
0.885157
0.546314
0.721387
0.947704
0.874347
0.824753
0.829140
0.926092
0.911055
0.901067
0.875283
0.674343
0.714770
0.654254
0.281493
0.822511
0.877664
0.634429
0.788725
0.586957
0.860175
0.869454
0.829420
0.897385
0.690431
0.895032
0.894467
0.733210
0.436342
0.928418
0.747370
0.899475
0.873384
0.381403
0.841524
0.897799
0.905917
0.689755
0.903735
0.793002
0.538101
0.856894
0.799465
0.459673
0.642806
0.722995
0.773362
0.914883
0.514367
0.899657
0.864279
0.688795
0.922060
0.908333
0.499123
0.889621
0.748855
0.633773
0.733536
0.864328
0.693270
0.811717
0.795960
0.835040
0.624117
0.665503
0.913832
0.855754
0.741406
0.434933
0.854696
0.924437
0.930758
0.650719
0.805932
0.819720
0.737701
0.820015
0.853439
0.858657
0.389959
0.908377
0.596327
0.444209
0.894424
0.729160
0.728142
0.911397
0.875045
0.864161
0.910842
0.439512
0.602398
0.592345
0.837041
0.794071
0.884215
0.804808
0.931555
0.807282
0.575357
0.834888
0.924033
0.821016
0.889976
0.831252
0.364339
0.653892
0.522551
0.919109
0.849165
0.823966
0.749174
0.848081
0.899295
0.471370
0.402728
0.718287
0.720652
0.515487
0.861317
0.602099
0.836845
0.756236
0.614131
0.460482
0.479644
0.694308
0.939715
0.444793
0.882764
0.535987
0.888852
0.731329
0.519142
0.705517
0.863772
0.932163
0.837712
0.820633
0.882386
0.641201
0.879327
0.839080
0.828166
0.932678
0.886306
0.789438
0.693020
0.926028
0.625989
0.901411
0.555105
0.690321
0.794192
0.713097
0.883492
0.789672
0.930733
0.742485
0.841484
0.784876
0.715045
0.921677
0.899804
0.625978
0.601344
0.557491
0.888069
0.897972
0.773204
0.570702
0.868851
0.068623
0.889699
0.892411
0.745929
0.874570
0.813809
0.400939
0.805399
0.880242
0.928379
0.716282
0.548884
0.566640
0.414113
0.901152
0.833591
0.743832
0.920086
0.911274
0.929652
0.721519
0.852260
0.683928
0.895429
0.815574
0.786873
0.734052
0.494457
0.787157
0.901036
0.779503
0.902440
0.768902
0.810688
0.665488
0.779028
0.641294
0.838966
0.874041
0.725001
0.924147
0.702854
0.793238
0.865329
0.923063
0.844426
0.614711
0.761838
0.686710
0.686663
0.761811
0.809781
0.560149
0.919356
0.726996
0.903567
0.940948
0.885500
0.830252
0.794235
0.869929
0.779512
0.782454
0.930722
0.873198
0.760376
0.746033
0.746504
0.693492
0.836773
0.597418
0.856783
0.909498
0.732956
0.541816
0.797869
0.679964
0.888168
0.592634
0.731743
0.787893
0.903666
0.894847
0.924103
0.874979
0.881191
0.805408
0.743620
0.892256
0.840010
0.516752
0.823341
0.735874
0.862280
0.790078
0.845617
0.838378
0.893931
0.788080
0.920893
0.835541
0.894394
0.753269
0.799427
0.937639
0.842449
0.892466
0.722118
0.658635
0.791463
0.735530
0.814477
0.898179
0.883691
0.767496
0.905831
0.654470
0.886713
0.558075
0.823784
0.911870
0.912360
0.751139
0.961183
0.630394
0.628836
0.937407
0.892340
0.925273
0.685570
0.705258
0.929498
0.781010
0.759780
0.788776
0.817619
0.868835
0.796933
0.850114
0.866515
0.760191
0.929045
0.615472
0.808045
0.915580
0.891990
0.740275
0.862374
0.758531
0.730886
0.820978
0.591046
0.821289
0.790869
0.647921
0.620334
0.881656
0.841443
0.916710
0.823022
0.931812
0.722543
0.855896
0.851892
0.598142
0.863411
0.757555
0.780955
0.836537
0.905428
0.853580
0.837748
0.799199
0.817891
0.638329
0.726934
0.835764
0.860461
0.836878
0.804327
0.614498
0.832611
0.947527
0.739129
0.903338
0.697893
0.837690
0.762474
0.660056
0.955267
0.932440
0.567166
0.896295
0.625818
0.658909
0.880979
0.311028
0.773190
0.701700
0.890281
0.778360
0.813857
0.886024
0.776574
0.822341
0.745141
0.798948
0.730880
0.671261
0.467081
0.683515
0.818841
0.637929
0.728624
0.852987
0.855585
0.912001
0.695128
0.915311
0.628141
0.864121
0.833113
0.835101
0.700781
0.774857
0.793531
0.675982
0.874798
0.634810
0.710831
0.899663
0.838736
0.397545
0.946928
0.735051
0.800039
0.822694
0.757501
0.861676
0.875819
0.899605
0.875719
0.495852
0.744790
0.870826
0.912193
0.866193
0.871201
0.803789
0.745421
0.620483
0.429926
0.811671
0.539191
0.654301
0.647646
0.763658
0.873593
0.884999
0.886251
0.625744
0.377279
0.838152
0.645119
0.702628
0.887859
0.522399
0.857489
0.803373
0.548053
0.822179
0.778466
0.589781
0.816331
0.733041
0.766214
0.734940
0.865583
0.484084
0.811272
0.824785
0.816729
0.819833
0.880552
0.696080
0.837480
0.366287
0.905682
0.807567
0.673064
0.832662
0.788102
0.792011
0.636106
0.930521
0.947169
0.505654
0.737681
0.806576
0.850711
0.843408
0.881908
0.834840
0.915496
0.578095
0.761326
0.527195
0.219180
0.942633
0.848273
0.899296
0.917171
0.710020
0.887404
0.789982
0.836047
0.715468
0.552785
0.721764
0.846963
0.541482
0.817507
0.840878
0.803089
0.523601
0.800240
0.755559
0.783032
0.722997
0.938976
0.743816
0.847689
0.827563
0.606559
0.747498
0.802919
0.756726
0.920775
0.933154
0.926960
0.890620
0.777536
0.901514
0.784009
0.656654
0.713974
0.689940
0.907722
0.873708
0.895541
0.606288
0.843043
0.854654
0.491396
0.647110
0.885075
0.817166
0.855085
0.623140
0.886080
0.239547
0.846996
0.716099
0.808161
0.909607
0.816840
0.892729
0.741194
0.842231
0.686203
0.910288
0.547123
0.882414
0.816091
0.806476
0.703026
0.906207
0.826698
0.848767
0.647298
0.894318
0.716374
0.698398
0.789866
0.898811
0.851580
0.632467
0.693063
0.330934
0.825690
0.948745
0.629885
0.807268
0.759018
0.918550
0.899027
0.902463
0.758209
0.893544
0.809049
0.740240
0.917966
0.840106
0.677105
0.578766
0.595364
0.936688
0.880407
0.757400
0.820343
0.765014
0.796983
0.722873
0.729351
0.890832
0.714266
0.879273
0.693978
0.604739
0.657600
0.522965
0.928119
0.855583
0.858399
0.750572
0.745057
0.757480
0.918837
0.840602
0.722663
0.704099
0.810484
0.948177
0.804996
0.856139
0.697086
0.817172
0.766063
0.798037
0.533936
0.600595
0.682021
0.610964
0.316780
0.641073
0.782111
0.881743
0.727071
0.896808
0.803499
0.932799
0.923681
0.779282
0.388668
0.894634
0.215341
0.715174
0.864420
0.771135
0.281387
0.868799
0.715660
0.788464
0.766394
0.776598
0.714569
0.790388
0.758351
0.892481
0.703406
0.837901
0.599240
0.939769
0.862157
0.929155
0.676754
0.263101
0.530498
0.899197
0.933341
0.838418
0.634920
0.850634
0.833837
0.746344
0.883611
0.896019
0.917688
0.892369
0.575428
0.779625
0.759626
0.889444
0.522445
0.852751
0.814557
0.674416
0.865364
0.861040
0.706241
0.926837
0.915133
0.816552
0.797009
0.883108
0.788498
0.956967
0.947817
0.709899
0.795872
0.549732
0.746530
0.705402
0.260868
0.916746
0.877005
0.542487
0.833458
0.489211
0.849309
0.871771
0.805652
0.231118
0.630815
0.623783
0.814396
0.780609
0.841637
0.906699
0.922975
0.536102
0.832661
0.870591
0.853478
0.612248
0.910704
0.655636
0.778257
0.822171
0.770989
0.882609
0.935036
0.825763
0.948426
0.861974
0.800017
0.768436
0.878807
0.886092
0.920415
0.887455
0.789842
0.677370
0.504062
0.770851
0.738805
0.768046
0.887151
0.844112
0.871486
0.826115
0.468215
0.756992
0.688363
0.825522
0.720229
0.767705
0.929028
0.689714
0.440891
0.635693
0.916284
0.920168
0.673819
0.915749
0.917862
0.734507
0.895522
0.527923
0.900191
0.317827
0.728712
0.505085
0.901359
0.618083
0.252337
0.797538
0.798773
0.743229
0.782067
0.889864
0.958811
0.702491
0.883946
0.489785
0.796124
0.825304
0.589088
0.676138
0.859439
0.643742
0.830460
0.867658
0.797447
0.773317
0.791094
0.845496
0.547358
0.626849
0.757143
0.849426
0.508682
0.766254
0.860967
0.846632
0.837268
0.827211
0.892862
0.633227
0.751502
0.883208
0.773341
0.643390
0.843125
0.837972
0.563303
0.972185
0.846590
0.697347
0.857806
0.582658
0.666854
0.595021
0.658447
0.777767
0.922510
0.872395
0.724893
0.829755
0.755791
0.758747
0.447776
0.288260
0.885419
0.930369
0.797447
0.815458
0.324567
0.754652
0.854453
0.787705
0.840144
0.587420
0.769256
0.892051
0.844091
0.895030
0.911040
0.813443
0.936175
0.832838
0.616119
0.547898
0.898630
0.733808
0.436851
0.683988
0.860543
0.879042
0.912085
0.869549
0.900575
0.943982
0.773646
0.602101
0.930576
0.574757
0.952175
0.805332
0.871483
0.919384
0.857758
0.874769
0.710814
0.838556
0.926350
0.796340
0.705648
0.920736
0.881254
0.859669
0.716132
0.670682
0.918968
0.869926
0.911305
0.784892
0.830630
0.487895
0.427101
0.909261
0.895194
0.936405
0.610702
0.829726
0.853365
0.931900
0.454351
0.471558
0.620154
0.699492
0.955053
0.766165
0.781316
0.836842
0.771968
0.832450
0.785000
0.892459
0.853291
0.723698
0.677569
0.570193
0.795285
0.689466
0.804591
0.864676
0.746138
0.892819
0.847049
0.745235
0.679887
0.814245
0.635203
0.229058
0.709577
0.248890
0.915549
0.604656
0.925860
0.756106
0.873048
0.748090
0.853742
0.921606
0.831899
0.649851
0.777696
0.937832
0.833070
0.874071
0.832895
0.502962
0.864095
0.861592
0.921983
0.857279
0.760406
0.839087
0.777760
0.802423
0.431022
0.781876
0.822491
0.711009
0.911672
0.890479
0.848728
0.485723
0.751445
0.861204
0.848525
0.820936
0.809654
0.550618
0.670953
0.742429
0.926756
0.579673
0.836917
0.712822
0.855892
0.890822
0.895560
0.692837
0.901570
0.934679
0.680522
0.886029
0.948239
0.963282
0.916325
0.843015
0.862871
0.910269
0.922798
0.802909
0.806731
0.872576
0.937811
0.807800
0.686267
0.650837
0.811972
0.765080
0.821910
0.752561
0.579248
0.867701
0.721657
0.866684
0.839507
0.547651
0.910674
0.954162
0.650705
0.837575
0.807982
0.847647
0.590293
0.935053
0.780451
0.933449
0.816308
0.601018
0.908764
0.704316
0.786291
0.724464
0.632273
0.904268
0.797397
0.502721
0.863194
0.807538
0.643059
0.918760
0.897499
0.850339
0.724263
0.759428
0.759859
0.599092
0.855114
0.707183
0.820812
0.759837
0.631521
0.849141
0.874601
0.532510
0.710126
0.783113
0.779766
0.544625
0.509301
0.774275
0.610946
0.765449
0.879336
0.510908
0.724196
0.897473
0.796669
0.915008
0.761471
0.937760
0.518960
0.826442
0.908564
0.949965
0.695031
0.585036
0.897021
0.772550
0.823184
0.736528
0.377218
0.953087
0.717554
0.524799
0.736186
0.960382
0.894248
0.848273
0.844341
0.936667
0.876898
0.588092
0.616760
0.826756
0.900830
0.508847
0.581990
0.679101
0.840705
0.936945
0.807766
0.930993
0.795045
0.929697
0.775700
0.869444
0.855640
0.684430
0.922807
0.646660
0.757320
0.751043
0.764569
0.884778
0.749293
0.932147
0.450865
0.575334
0.678371
0.753505
0.685341
0.867207
0.893196
0.879197
0.922962
0.849920
0.837721
0.899035
0.799895
0.891779
0.620383
0.895959
0.769160
0.392903
0.912306
0.900555
0.898988
0.891048
0.753178
0.885564
0.732753
0.370205
0.335096
0.854528
0.667586
0.877506
0.797491
0.918934
0.819178
0.859635
0.913659
0.647200
0.774904
0.578138
0.939497
0.916212
0.825458
0.611705
0.883870
0.920076
0.834994
0.639699
0.919319
0.689124
0.746813
0.832694
0.870681
0.905465
0.656732
0.760346
0.403118
0.391880
0.850944
0.824509
0.810020
0.768057
0.884880
0.930098
0.803251
0.715581
0.879335
0.791418
0.821114
0.722438
0.765328
0.861271
0.890902
0.615719
0.917085
0.889486
0.922352
0.696719
0.231901
0.936014
0.825987
0.844556
0.895046
0.628755
0.857025
0.478772
0.948704
0.602431
0.826030
0.622026
0.891289
0.544010
0.815505
0.841691
0.864076
0.748719
0.673094
0.801883
0.623649
0.751764
0.426752
0.726745
0.731753
0.675429
0.749478
0.613521
0.598496
0.795668
0.833970
0.746528
0.908945
0.718825
0.639757
0.838721
0.936536
0.789128
0.886847
0.917358
0.886615
0.792550
0.707252
0.843050
0.360256
0.666019
0.825146
0.841049
0.906496
0.665412
0.731056
0.777876
0.298832
0.827855
0.700281
0.752196
0.741670
0.706475
0.805221
0.732740
0.898193
0.912934
0.723431
0.853409
0.913945
0.694819
0.815815
0.928431
0.653873
0.757659
0.746741
0.469933
0.887075
0.831333
0.702195
0.752940
0.798477
0.902539
0.909601
0.792807
0.825562
0.494836
0.807186
0.862554
0.897314
0.862047
0.787811
0.487581
0.758674
0.783163
0.845363
0.658052
0.746497
0.727488
0.487623
0.915314
0.878274
0.885369
0.432672
0.933054
0.879418
0.805362
0.855956
0.812571
0.832705
0.734047
0.873665
0.849978
0.280761
0.729878
0.747071
0.875595
0.882355
0.525248
0.821099
0.739546
0.731186
0.690460
0.627957
0.664381
0.862183
0.930938
0.844340
0.682226
0.891805
0.585681
0.830780
0.891654
0.887280
0.626115
0.814216
0.398387
0.847660
0.927741
0.731200
0.684488
0.947135
0.634251
0.929264
0.785175
0.866176
0.690492
0.864717
0.426405
0.658515
0.960634
0.469778
0.500709
0.612699
0.834860
0.483108
0.807707
0.858201
0.664255
0.888140
0.861987
0.926875
0.805245
0.808349
0.784005
0.900482
0.883575
0.857514
0.790633
0.881403
0.798438
0.674976
0.625717
0.790031
0.711015
0.887742
0.805258
0.910474
0.799145
0.902852
0.752006
0.809163
0.942989
0.896931
0.790950
0.585236
0.840129
0.793557
0.735780
0.828940
0.858433
0.882734
0.574627
0.901960
0.269961
0.746558
0.738312
0.948350
0.924118
0.856561
0.897198
0.643902
0.742065
0.873760
0.879489
0.883208
0.726375
0.870979
0.649804
0.828727
0.922463
0.538522
0.870509
0.514789
0.819852
0.905503
0.756634
0.905388
0.898924
0.416426
0.877671
0.892569
0.941418
0.861600
0.848392
0.692169
0.739214
0.891842
0.551636
0.819642
0.733581
0.867997
0.673347
0.808947
0.583471
0.601533
0.915798
0.510702
0.881874
0.637810
0.848273
0.847654
0.584333
0.459792
0.871670
0.835842
0.762575
0.931448
0.874140
0.793191
0.882061
0.843241
0.918032
0.635047
0.735938
0.828225
0.662991
0.896413
0.671556
0.312900
0.672848
0.838856
0.444705
0.862910
0.925592
0.899706
0.882608
0.759443
0.537434
0.727150
0.746798
0.402295
0.858856
0.882455
0.510712
0.672463
0.906320
0.910415
0.897061
0.667794
0.885597
0.898801
0.765354
0.777089
0.749347
0.699485
0.473938
0.893018
0.830761
0.724846
0.868107
0.924380
0.874328
0.843470
0.768887
0.627409
0.914306
0.874843
0.470151
0.879201
0.951409
0.922320
0.855789
0.800456
0.731584
0.769249
0.807177
0.372377
0.877850
0.788358
0.866303
0.871204
0.902663
0.686425
0.869082
0.727894
0.928387
0.841582
0.675970
0.815028
0.608291
0.671723
0.742849
0.934629
0.851179
0.832144
0.667059
0.709711
0.776756
0.742482
0.935272
0.865801
0.947171
0.753831
0.847700
0.704716
0.899284
0.819434
0.847537
0.772662
0.880191
0.616778
0.772238
0.619720
0.820233
0.871945
0.817880
0.748957
0.882531
0.914466
0.929098
0.781906
0.682388
0.766474
0.902253
0.780098
0.602757
0.713776
0.475587
0.852085
0.899147
0.624044
0.930213
0.783951
0.627273
0.884626
0.846388
0.656265
0.856585
0.552668
0.657050
0.825651
0.559046
0.718856
0.909040
0.858268
0.738450
0.833742
0.912713
0.891399
0.690997
0.787154
0.735164
0.725543
0.656973
0.655019
0.871146
0.810423
0.614482
0.838180
0.917748
0.835861
0.783567
0.810178
0.940646
0.861712
0.928448
0.705036
0.729960
0.478185
0.509445
0.574297
0.861417
0.693531
0.650445
0.555477
0.584924
0.765160
0.725049
0.609590
0.446872
0.780361
0.830288
0.837842
0.682931
0.608487
0.845368
0.718121
0.886054
0.904390
0.668746
0.888263
0.762091
0.503063
0.642567
0.829912
0.661606
0.526022
0.717419
0.573353
0.922929
0.721683
0.932957
0.903948
0.955442
0.065268
0.530584
0.746556
0.495651
0.845530
0.816057
0.857825
0.698237
0.758348
0.840045
0.890418
0.866028
0.908203
0.724042
0.849670
0.759860
0.483701
0.882828
0.748747
0.649305
0.884247
0.876050
0.687810
0.934840
0.852641
0.903812
0.863676
0.869856
0.904909
0.698530
0.884421
0.780823
0.867626
0.830939
0.664571
0.896720
0.828792
0.789268
0.869735
0.380635
0.775496
0.898129
0.781186
0.905698
0.888670
0.907821
0.890492
0.862071
0.863097
0.750204
0.872191
0.732251
0.690201
0.814294
0.821602
0.631605
0.737409
0.882318
0.730237
0.931294
0.720094
0.855957
0.701588
0.821517
0.321618
0.619969
0.805547
0.862041
0.941653
0.807505
0.609131
0.670539
0.921060
0.865532
0.716209
0.872564
0.627930
0.808353
0.801353
0.899503
0.837174
0.952477
0.868589
0.886322
0.912280
0.899981
0.893612
0.796767
0.851645
0.721002
0.665748
0.810002
0.707264
0.751200
0.891095
0.847914
0.778686
0.450867
0.796691
0.821158
0.817524
0.833860
0.938068
0.779308
0.827816
0.831882
0.561698
0.860170
0.889950
0.957098
0.537952
0.878873
0.868579
0.635796
0.763471
0.745913
0.706233
0.771753
0.936039
0.931106
0.467308
0.866372
0.912666
0.843237
0.509594
0.808006
0.924484
0.513097
0.863286
0.794383
0.635007
0.824224
0.818690
0.889519
0.594995
0.680276
0.905162
0.542710
0.662386
0.702884
0.887859
0.630020
0.541305
0.761109
0.768336
0.752577
0.750738
0.815827
0.928506
0.459137
0.909317
0.877071
0.796004
0.507073
0.388493
0.890543
0.418718
0.781819
0.871644
0.893259
0.815458
0.886673
0.723739
0.892310
0.654189
0.807601
0.929657
0.825311
0.824582
0.579254
0.839749
0.568546
0.884798
0.894367
0.649849
0.907081
0.509041
0.850522
0.913379
0.642995
0.812536
0.649230
0.936543
0.490898
0.744954
0.819775
0.920990
0.724090
0.932278
0.731289
0.863322
0.604709
0.816388
0.546043
0.745356
0.879273
0.675730
0.725756
0.544157
0.805414
0.905312
0.666258
0.364176
0.850887
0.825630
0.525203
0.929429
0.842649
0.691688
0.863186
0.550748
0.933745
0.836592
0.624971
0.805729
0.369900
0.906879
0.885007
0.712520
0.429339
0.811709
0.801996
0.847358
0.938147
0.395946
0.530904
0.689080
0.701375
0.803323
0.660408
0.644562
0.854996
0.740203
0.916574
0.824780
0.861185
0.621317
0.881667
0.903662
0.677556
0.593689
0.910319
0.724719
0.872345
0.448292
0.396187
0.935483
0.847141
0.867484
0.645926
0.397801
0.805184
0.914691
0.718329
0.848290
0.882444
0.884291
0.881703
0.839504
0.863412
0.441155
0.891896
0.912223
0.689774
0.521022
0.875731
0.786596
0.801654
0.867425
0.900270
0.822395
0.836848
0.853589
0.883582
0.950215
0.623194
0.843366
0.781690
0.830337
0.892814
0.777050
0.851862
0.934471
0.927224
0.573869
0.904037
0.876397
0.491335
0.809491
0.912053
0.478383
0.877716
0.539835
0.524966
0.631677
0.929456
0.648695
0.762378
0.714631
0.812585
0.908167
0.780428
0.496781
0.743668
0.476842
0.664990
0.935902
0.875044
0.890746
0.712577
0.479824
0.799918
0.767699
0.883246
0.681290
0.855086
0.744865
0.784018
0.886027
0.875827
0.896476
0.673970
0.779417
0.792562
0.926731
0.705395
0.883704
0.709053
0.681589
0.904674
0.896518
0.710893
0.791284
0.855060
0.745509
0.613071
0.806358
0.605432
0.843478
0.859774
0.593051
0.825789
0.834932
0.693326
0.721771
0.699538
0.881424
0.878841
0.957050
0.357064
0.629048
0.906278
0.773847
0.839741
0.844618
0.802548
0.767728
0.879255
0.852239
0.723350
0.611025
0.833573
0.876505
0.787260
0.718466
0.559678
0.798727
0.863450
0.780236
0.581954
0.886411
0.855994
0.502373
0.828421
0.729612
0.876610
0.747178
0.446407
0.468914
0.861949
0.804931
0.830042
0.814075
0.765014
0.876426
0.890032
0.914915
0.482374
0.894890
0.654892
0.899252
0.812870
0.865034
0.703544
0.873906
0.806851
0.900367
0.912926
0.658595
0.714939
0.875927
0.703173
0.552643
0.682798
0.760362
0.802970
0.391184
0.539535
0.794994
0.561044
0.861180
0.728023
0.840404
0.787315
0.783499
0.765615
0.850187
0.837094
0.904588
0.847122
0.806098
0.908188
0.787345
0.848116
0.597381
0.529100
0.887792
0.853053
0.889605
0.884330
0.893200
0.817391
0.692517
0.611041
0.877828
0.909061
0.794975
0.563835
0.717032
0.733876
0.752869
0.276467
0.460376
0.107242
0.903012
0.750679
0.814485
0.743411
0.366121
0.863654
0.853327
0.705408
0.743630
0.381747
0.601312
0.820098
0.841239
0.840614
0.762036
0.912738
0.781276
0.865308
0.528606
0.923056
0.724665
0.929915
0.778779
0.581772
0.513719
0.513302
0.850612
0.923104
0.566036
0.834545
0.800746
0.747153
0.706489
0.681825
0.588492
0.856288
0.675130
0.544764
0.949649
0.845157
0.926931
0.457905
0.822241
0.793342
0.838663
0.913286
0.911890
0.779674
0.855635
0.865231
0.869412
0.844379
0.934062
0.944446
0.818462
0.822109
0.898288
0.465108
0.800012
0.872597
0.522000
0.787912
0.678152
0.849559
0.878918
0.697329
0.626351
0.583974
0.697874
0.831866
0.499907
0.797663
0.347798
0.762427
0.818246
0.855151
0.738118
0.822629
0.763401
0.620494
0.911757
0.806469
0.666285
0.429268
0.503960
0.926805
0.843339
0.759759
0.445528
0.697332
0.628079
0.883085
0.735484
0.668023
0.629660
0.649498
0.909392
0.647989
0.614383
0.737363
0.766644
0.814929
0.728271
0.926901
0.507522
0.865917
0.847906
0.641187
0.785598
0.744720
0.853677
0.938794
0.672971
0.430522
0.902091
0.770240
0.787481
0.750865
0.549962
0.672130
0.851429
0.917375
0.371749
0.843146
0.876141
0.458553
0.909685
0.862807
0.729042
0.878852
0.758930
0.207479
0.892153
0.885073
0.729390
0.718800
0.857494
0.927004
0.747627
0.773650
0.523615
0.836186
0.802500
0.915723
0.780614
0.498871
0.200529
0.810248
0.780508
0.840690
0.806911
0.748453
0.709186
0.930630
0.933592
0.812719
0.861202
0.614123
0.853130
0.809257
0.869473
0.747686
0.358743
0.679193
0.835968
0.894135
0.742025
0.804627
0.816812
0.904528
0.920711
0.735634
0.792317
0.364220
0.902380
0.811317
0.834530
0.700283
0.593385
0.920601
0.741567
0.495963
0.618612
0.950777
0.661404
0.798625
0.776230
0.903610
0.800268
0.851245
0.931115
0.716776
0.785204
0.825147
0.705213
0.544528
0.848289
0.798549
0.426188
0.622698
0.601943
0.519723
0.934051
0.425043
0.936076
0.750255
0.897694
0.362677
0.878895
0.217569
0.889565
0.696352
0.873379
0.419304
0.711477
0.733509
0.905653
0.641873
0.761680
0.793761
0.848950
0.615366
0.883906
0.811251
0.753942
0.799714
0.800341
0.716064
0.851172
0.830444
0.745027
0.755683
0.887378
0.631467
0.833896
0.809809
0.851059
0.668673
0.712795
0.629848
0.812612
0.790232
0.863268
0.932258
0.528651
0.775590
0.660318
0.886677
0.478578
0.841524
0.331623
0.543175
0.847397
0.567187
0.492326
0.815890
0.630315
0.895665
0.805703
0.647750
0.431919
0.792433
0.805754
0.902834
0.448080
0.540925
0.913498
0.894497
0.806537
0.628439
0.866288
0.661765
0.619352
0.816414
0.662349
0.819678
0.827056
0.814712
0.787446
0.857614
0.827315
0.926074
0.771193
0.905392
0.942974
0.661150
0.946664
0.878054
0.743944
0.842812
0.769662
0.802870
0.356681
0.638370
0.880366
0.666867
0.893353
0.791733
0.663041
0.676035
0.713867
0.398948
0.858646
0.808118
0.646036
0.882693
0.788640
0.785664
0.403408
0.838242
0.754321
0.807651
0.937240
0.725586
0.906797
0.557264
0.823902
0.942708
0.495263
0.917626
0.765340
0.526636
0.502988
0.921587
0.944316
0.906964
0.918166
0.837114
0.760114
0.723156
0.718174
0.858056
0.650176
0.569861
0.844452
0.788369
0.599741
0.636497
0.590871
0.758024
0.612569
0.568383
0.511924
0.609109
0.360290
0.792316
0.299301
0.547121
0.605225
0.634000
0.708000
0.805146
0.494585
0.775006
0.386869
0.429947
0.758729
0.434402
0.700080
0.691653
0.721086
0.727973
0.512609
0.517140
0.603914
0.767855
0.537243
0.187427
0.722837
0.641836
0.489305
0.894848
0.733054
0.505767
0.561254
0.858687
0.644382
0.541403
0.621490
0.670390
0.830858
0.612233
0.641396
0.561258
0.803773
0.843616
0.268613
0.595293
0.687469
0.586441
0.784245
0.789759
0.607357
0.661976
0.321077
0.603048
0.809215
0.660768
0.424511
0.735442
0.920551
0.380653
0.825147
0.679197
0.653851
0.784620
0.808261
0.546544
0.687947
0.760124
0.510176
0.894805
0.651298
0.849241
0.705471
0.652175
0.679787
0.552052
0.688928
0.659747
0.781390
0.801718
0.639850
0.742397
0.664185
0.320206
0.650367
0.811262
0.693512
0.585739
0.476381
0.670490
0.615488
0.266461
0.458521
0.588139
0.868166
0.713201
0.679032
0.787140
0.774790
0.779591
0.699448
0.820488
0.741202
0.812760
0.774333
0.708520
0.335863
0.904538
0.543455
0.814515
0.871583
0.744307
0.694953
0.383451
0.765383
0.542486
0.686530
0.677957
0.300173
0.763531
0.668152
0.547279
0.881786
0.625971
0.656234
0.664356
0.487481
0.722017
0.776110
0.774163
0.605667
0.828790
0.805919
0.767660
0.660588
0.741068
0.848875
0.596857
0.796175
0.717456
0.639789
0.510966
0.841370
0.786143
0.626855
0.791087
0.517500
0.564500
0.785600
0.833060
0.811131
0.784685
0.837984
0.551746
0.690217
0.705702
0.395648
0.674251
0.750158
0.711072
0.695033
0.257938
0.608684
0.653678
0.869118
0.676319
0.616769
0.816981
0.701243
0.885039
0.739446
0.521632
0.500288
0.765133
0.663574
0.847011
0.763305
0.671238
0.659300
0.542285
0.519840
0.564370
0.793158
0.686763
0.788641
0.675143
0.731443
0.430297
0.553233
0.752037
0.494384
0.767849
0.340996
0.622221
0.804338
0.727080
0.580567
0.640815
0.901126
0.886880
0.779088
0.702594
0.865490
0.851494
0.771195
0.710684
0.700663
0.758735
0.553924
0.687697
0.690708
0.531408
0.598397
0.534635
0.701633
0.628633
0.851882
0.813927
0.707852
0.687133
0.262677
0.658195
0.932034
0.633643
0.660584
0.360635
0.830756
0.606081
0.733911
0.673189
0.579728
0.371731
0.565157
0.671939
0.422984
0.396660
0.842649
0.907994
0.526658
0.794781
0.754552
0.889636
0.632051
0.664661
0.590660
0.655929
0.221460
0.668476
0.645403
0.668678
0.534579
0.791677
0.547700
0.807841
0.737119
0.807173
0.565133
0.701154
0.797848
0.792711
0.846381
0.607895
0.672952
0.850726
0.713078
0.653318
0.526831
0.468719
0.638367
0.697879
0.622025
0.600865
0.752866
0.645214
0.611588
0.815755
0.688587
0.725843
0.784819
0.787985
0.692258
0.777253
0.449069
0.864543
0.685174
0.417352
0.739750
0.654322
0.818563
0.806363
0.646731
0.265213
0.639901
0.399812
0.593722
0.727925
0.807652
0.589172
0.720144
0.921181
0.691731
0.514632
0.418046
0.738417
0.659997
0.778936
0.700448
0.898489
0.619673
0.690434
0.823186
0.809620
0.779686
0.817321
0.787685
0.574529
0.771667
0.646146
0.499694
0.772236
0.555953
0.282965
0.901197
0.732797
0.858379
0.812497
0.597898
0.568066
0.452522
0.645701
0.737532
0.664509
0.535514
0.493591
0.677329
0.760769
0.809197
0.325040
0.686410
0.695146
0.887208
0.672327
0.832109
0.559832
0.345921
0.641539
0.864870
0.482497
0.706179
0.578847
0.652553
0.460191
0.727071
0.668720
0.736999
0.522870
0.569968
0.541757
0.698083
0.549029
0.840948
0.815627
0.721549
0.512790
0.646678
0.288853
0.756201
0.157423
0.803498
0.647341
0.441821
0.578481
0.563992
0.701932
0.650933
0.749965
0.708769
0.854060
0.348946
0.541596
0.644545
0.794184
0.843380
0.702705
0.897640
0.779754
0.676654
0.779918
0.646332
0.736383
0.892329
0.596457
0.656026
0.680931
0.522298
0.914492
0.815396
0.560641
0.605816
0.672344
0.731268
0.277140
0.633105
0.425162
0.577124
0.712427
0.840753
0.649672
0.490939
0.595021
0.837638
0.633045
0.668094
0.548449
0.804844
0.815823
0.422275
0.627450
0.803314
0.793770
0.677079
0.600644
0.791431
0.772011
0.663079
0.799966
0.622826
0.662266
0.795348
0.764847
0.446534
0.709693
0.548933
0.761701
0.561847
0.798727
0.780056
0.841694
0.799045
0.764585
0.769167
0.830406
0.697739
0.713303
0.669767
0.748300
0.583314
0.883699
0.637234
0.716195
0.775454
0.720293
0.815560
0.790733
0.702244
0.875471
0.404618
0.441286
0.466581
0.823437
0.847875
0.785895
0.495348
0.486149
0.731443
0.705405
0.762483
0.774294
0.534324
0.832234
0.822894
0.817595
0.537538
0.843274
0.725521
0.695844
0.784905
0.530258
0.627171
0.745567
0.455972
0.906115
0.719464
0.664496
0.761856
0.571586
0.868862
0.526837
0.505320
0.781353
0.699241
0.665267
0.655917
0.797468
0.656570
0.863366
0.564391
0.498791
0.753084
0.726186
0.720397
0.544886
0.441888
0.568893
0.572141
0.946910
0.737947
0.301792
0.567149
0.701243
0.627873
0.736327
0.774731
0.445724
0.493748
0.667896
0.599092
0.650765
0.718486
0.736943
0.362141
0.570366
0.730941
0.620689
0.563574
0.495579
0.656190
0.757553
0.723746
0.829874
0.611901
0.589986
0.704548
0.612254
0.445831
0.721599
0.450271
0.764089
0.945316
0.507338
0.589247
0.666931
0.370844
0.726830
0.302865
0.804372
0.830095
0.575730
0.782008
0.903712
0.794232
0.781191
0.340086
0.811516
0.853462
0.676915
0.539385
0.534886
0.525927
0.590484
0.609734
0.386817
0.423014
0.524250
0.755136
0.437121
0.708831
0.779411
0.736840
0.714792
0.735196
0.311424
0.837719
0.571886
0.739252
0.808214
0.723021
0.833639
0.754173
0.705746
0.484160
0.602846
0.681347
0.731892
0.754419
0.837189
0.879102
0.695545
0.575789
0.779753
0.815261
0.683468
0.625346
0.712176
0.812479
0.639052
0.709230
0.422322
0.627657
0.636012
0.703315
0.679364
0.476201
0.668898
0.604324
0.668271
0.800360
0.755362
0.366146
0.347104
0.497216
0.651797
0.791314
0.668142
0.641097
0.580267
0.373320
0.387866
0.450094
0.759802
0.489595
0.581230
0.476802
0.628523
0.377347
0.694097
0.674858
0.841903
0.795809
0.741593
0.537728
0.883275
0.721387
0.572576
0.322403
0.825008
0.566836
0.742843
0.762905
0.668662
0.685034
0.247472
0.394089
0.658754
0.735729
0.933873
0.691688
0.553057
0.538695
0.667579
0.388408
0.431512
0.614150
0.574078
0.545308
0.476734
0.726286
0.366892
0.564236
0.789494
0.735592
0.726562
0.735966
0.395092
0.836892
0.736502
0.704480
0.762817
0.717497
0.577145
0.578371
0.619335
0.800316
0.700292
0.691471
0.437966
0.716085
0.633609
0.778266
0.804750
0.507518
0.525985
0.670771
0.808557
0.337068
0.667937
0.704226
0.825543
0.685991
0.722360
0.924092
0.633151
0.541884
0.910464
0.495307
0.736357
0.639039
0.867412
0.500041
0.635492
0.584409
0.717918
0.758317
0.637335
0.370760
0.656019
0.674888
0.657207
0.832262
0.557690
0.744385
0.572057
0.747015
0.838799
0.638531
0.576510
0.768394
0.455322
0.399436
0.460052
0.804535
0.551402
0.394360
0.815215
0.481934
0.682328
0.470679
0.508521
0.634123
0.709904
0.894672
0.541974
0.384206
0.636010
0.577332
0.141259
0.551320
0.583669
0.785504
0.471862
0.620891
0.485237
0.679169
0.525090
0.740877
0.708748
0.633155
0.569218
0.500448
0.456216
0.825270
0.664599
0.847900
0.549347
0.794801
0.613761
0.416898
0.792573
0.660981
0.555295
0.636086
0.663015
0.776231
0.383288
0.532217
0.818669
0.838722
0.746717
0.425045
0.680848
0.763154
0.737902
0.927406
0.751599
0.569725
0.819589
0.703713
0.446176
0.550287
0.834677
0.590241
0.891009
0.618599
0.433377
0.610576
0.686509
0.594003
0.891499
0.489280
0.490837
0.824248
0.607293
0.939785
0.543292
0.541548
0.717012
0.624413
0.662205
0.603465
0.800734
0.583617
0.624023
0.222640
0.729291
0.751710
0.608875
0.809365
0.644659
0.516945
0.465943
0.609677
0.901251
0.698126
0.708635
0.486247
0.511876
0.672593
0.545213
0.777526
0.829053
0.782828
0.846511
0.734765
0.736996
0.798729
0.499869
0.846649
0.725036
0.312822
0.391468
0.291795
0.180251
0.761449
0.579577
0.842521
0.724672
0.815249
0.686249
0.840917
0.625809
0.694096
0.715780
0.659338
0.671825
0.697473
0.662872
0.709806
0.564292
0.577637
0.657486
0.797449
0.598794
0.814116
0.858742
0.738467
0.787913
0.716525
0.590254
0.732237
0.658838
0.739071
0.749590
0.782200
0.829243
0.627806
0.577103
0.468482
0.345896
0.533813
0.668060
0.548988
0.829327
0.789168
0.532423
0.717323
0.761076
0.356729
0.795759
0.701484
0.727739
0.752345
0.665185
0.848589
0.584473
0.733434
0.522385
0.747986
0.614417
0.756971
0.792467
0.546142
0.772327
0.240688
0.621436
0.830534
0.771302
0.826279
0.636661
0.432466
0.469877
0.623185
0.859253
0.551086
0.710406
0.824225
0.576644
0.845791
0.867114
0.615656
0.353360
0.764515
0.600048
0.750753
0.892928
0.805564
0.629901
0.567701
0.912686
0.773786
0.747226
0.866135
0.575757
0.728777
0.783847
0.774118
0.662642
0.551525
0.364517
0.685548
0.699743
0.744604
0.635341
0.589671
0.611676
0.664991
0.873162
0.427099
0.659707
0.842437
0.827008
0.688058
0.634101
0.725456
0.894516
0.278849
0.921763
0.785762
0.706788
0.685543
0.656790
0.610687
0.573482
0.594671
0.480002
0.800333
0.624627
0.398222
0.833783
0.534389
0.770983
0.831480
0.605030
0.726226
0.442218
0.718657
0.532494
0.544643
0.282627
0.693976
0.605166
0.682221
0.695223
0.844310
0.510224
0.762137
0.741996
0.730506
0.768640
0.665808
0.488206
0.680226
0.482666
0.710884
0.672495
0.667251
0.866932
0.627449
0.424672
0.757432
0.709199
0.644184
0.885083
0.613012
0.445882
0.610623
0.411601
0.734850
0.465690
0.853208
0.527658
0.824464
0.614475
0.706596
0.597687
0.532901
0.829438
0.868105
0.727670
0.419036
0.876874
0.681507
0.238562
0.805351
0.672924
0.760156
0.429759
0.732128
0.923786
0.785290
0.600846
0.743017
0.615623
0.669324
0.812964
0.626100
0.702172
0.735322
0.901168
0.631814
0.508576
0.624268
0.684281
0.471572
0.693150
0.810433
0.810044
0.744101
0.645403
0.407334
0.709170
0.640711
0.815347
0.346263
0.701226
0.774706
0.866959
0.747950
0.566830
0.747456
0.538117
0.822294
0.572078
0.721708
0.543374
0.798077
0.822419
0.458783
0.661954
0.394418
0.308576
0.324129
0.693956
0.566375
0.706502
0.667871
0.737608
0.742990
0.169431
0.593677
0.643317
0.666293
0.611914
0.751093
0.701848
0.512888
0.666420
0.657396
0.449228
0.740989
0.640045
0.615484
0.828678
0.497206
0.522987
0.608860
0.705870
0.467006
0.370672
0.471682
0.382358
0.760344
0.252105
0.511776
0.711744
0.760979
0.826416
0.724641
0.877400
0.511570
0.888501
0.630479
0.381968
0.756381
0.635061
0.686736
0.790616
0.828537
0.460273
0.322247
0.866331
0.781015
0.670130
0.468004
0.877318
0.740479
0.601952
0.789065
0.625910
0.713179
0.830147
0.512310
0.686500
0.565691
0.735589
0.832229
0.834127
0.772455
0.663418
0.547942
0.645753
0.586591
0.876292
0.647562
0.791036
0.650906
0.625644
0.577834
0.618941
0.752041
0.821622
0.662182
0.692097
0.770439
0.692147
0.492452
0.727764
0.735917
0.440033
0.659234
0.797639
0.567348
0.511588
0.876321
0.539013
0.586847
0.775949
0.447249
0.720800
0.515623
0.687083
0.644942
0.878061
0.728690
0.697442
0.826207
0.753592
0.851182
0.760346
0.880776
0.699509
0.745561
0.846533
0.868907
0.706652
0.766983
0.364936
0.619746
0.556823
0.794564
0.359046
0.725281
0.701011
0.702295
0.642109
0.797457
0.633496
0.683801
0.790367
0.728541
0.229320
0.694728
0.715782
0.706704
0.254946
0.670356
0.651058
0.729521
0.285070
0.472629
0.712493
0.918780
0.563534
0.823011
0.643902
0.673518
0.732854
0.498908
0.598744
0.625685
0.649558
0.764365
0.719717
0.878261
0.832368
0.763051
0.591142
0.850739
0.685243
0.475339
0.697840
0.752579
0.557202
0.599457
0.771236
0.780479
0.839539
0.633481
0.647948
0.809157
0.529556
0.206992
0.654911
0.800349
0.255322
0.734600
0.615548
0.655498
0.514831
0.702208
0.593019
0.857236
0.837063
0.829978
0.657419
0.715603
0.751067
0.586856
0.538903
0.817934
0.485637
0.522644
0.708832
0.395089
0.476631
0.593816
0.819968
0.575467
0.864181
0.726840
0.787187
0.748536
0.528984
0.765335
0.517507
0.746951
0.784280
0.715612
0.524699
0.471657
0.666482
0.431693
0.682262
0.759815
0.811869
0.513561
0.884448
0.641498
0.615644
0.672801
0.888558
0.475665
0.539186
0.547243
0.757442
0.901930
0.599717
0.936284
0.126130
0.628797
0.580368
0.497985
0.623555
0.778515
0.704369
0.837855
0.268100
0.816797
0.402745
0.542130
0.530508
0.547344
0.814741
0.779405
0.539405
0.412289
0.566841
0.673810
0.459931
0.742260
0.750861
0.949852
0.566461
0.308609
0.774112
0.812040
0.863500
0.784083
0.704803
0.839312
0.817590
0.704557
0.861905
0.750919
0.764865
0.580723
0.831352
0.827018
0.615815
0.696548
0.481716
0.564550
0.542071
0.759464
0.392351
0.587004
0.628614
0.339976
0.861960
0.869058
0.850866
0.735056
0.655841
0.600871
0.737088
0.767556
0.287487
0.755492
0.769357
0.532549
0.719027
0.594260
0.774892
0.645797
0.732008
0.879980
0.777046
0.895744
0.871227
0.853013
0.263152
0.854833
0.769630
0.715826
0.797217
0.788709
0.859190
0.681213
0.711553
0.620096
0.469384
0.495689
0.552435
0.653504
0.601265
0.759610
0.499700
0.699301
0.745484
0.436622
0.865344
0.340041
0.869007
0.712344
0.599865
0.590985
0.502687
0.689235
0.634959
0.703170
0.681348
0.648244
0.617883
0.853442
0.823131
0.493657
0.633999
0.595440
0.696638
0.753607
0.775701
0.680816
0.745956
0.840484
0.648857
0.804576
0.551594
0.770797
0.818012
0.707404
0.489464
0.787766
0.818925
0.702329
0.399148
0.482702
0.490210
0.690595
0.714086
0.668976
0.680647
0.699826
0.529740
0.701824
0.718447
0.341375
0.871338
0.728677
0.548396
0.807685
0.623532
0.688343
0.927279
0.674897
0.879478
0.559592
0.672103
0.233912
0.713929
0.737925
0.833286
0.363157
0.651802
0.713078
0.793162
0.485618
0.598613
0.468223
0.818666
0.491078
0.758360
0.332980
0.668532
0.371317
0.668434
0.674598
0.562249
0.703905
0.584230
0.343824
0.504462
0.510626
0.618432
0.782343
0.591519
0.470736
0.667196
0.632930
0.762427
0.660048
0.669621
0.619641
0.764284
0.590130
0.762313
0.907397
0.639263
0.467192
0.693079
0.709859
0.691402
0.622741
0.789084
0.790305
0.529509
0.457823
0.588118
0.525052
0.692627
0.539455
0.613631
0.471199
0.632420
0.847449
0.687718
0.563208
0.717877
0.703091
0.645660
0.624079
0.644381
0.871552
0.153169
0.717420
0.691405
0.674245
0.644528
0.845466
0.813746
0.417517
0.530168
0.851646
0.721570
0.507087
0.370002
0.798148
0.594418
0.636947
0.843137
0.491900
0.805820
0.710152
0.775124
0.374490
0.778931
0.434913
0.714260
0.681307
0.343382
0.581615
0.545577
0.730515
0.584337
0.580583
0.563844
0.843872
0.294879
0.763983
0.863188
0.866328
0.690338
0.427313
0.772616
0.315405
0.788017
0.842413
0.757525
0.314416
0.582642
0.565868
0.746837
0.525788
0.802699
0.753331
0.713876
0.758380
0.663595
0.586493
0.373612
0.650098
0.647334
0.859097
0.683220
0.874792
0.525356
0.685676
0.856203
0.605703
0.767463
0.679113
0.789128
0.613398
0.449899
0.719181
0.419302
0.402984
0.837850
0.655983
0.531850
0.509021
0.609899
0.424369
0.528164
0.799380
0.730185
0.796782
0.731187
0.608179
0.652108
0.274306
0.839453
0.604702
0.844201
0.739912
0.631232
0.657550
0.472146
0.699415
0.556718
0.574140
0.475984
0.864031
0.705555
0.495515
0.776234
0.686349
0.618097
0.779457
0.551025
0.664829
0.718294
0.687523
0.571423
0.800818
0.568894
0.886171
0.768406
0.653958
0.672913
0.703539
0.577810
0.903977
0.733768
0.602229
0.777524
0.875150
0.659950
0.687649
0.814649
0.563449
0.713337
0.632806
0.781727
0.584575
0.686885
0.836016
0.655570
0.647764
0.690257
0.578918
0.706497
0.781825
0.404487
0.637474
0.538715
0.614255
0.841292
0.419783
0.295914
0.713337
0.543460
0.689476
0.811342
0.555820
0.582107
0.774544
0.648687
0.437166
0.858646
0.753873
0.822269
0.703031
0.512385
0.677765
0.704142
0.119343
0.585112
0.672260
0.769697
0.782379
0.741853
0.784920
0.758999
0.556636
0.886499
0.815049
0.620121
0.563148
0.834876
0.659332
0.563029
0.609843
0.601548
0.766865
0.890029
0.784773
0.785784
0.806563
0.906553
0.694627
0.842579
0.818912
0.774961
0.590292
0.824005
0.365819
0.665082
0.562103
0.840976
0.820564
0.645151
0.531043
0.595308
0.486979
0.668775
0.843933
0.555425
0.727496
0.925540
0.638511
0.742627
0.746639
0.873698
0.825830
0.442191
0.618991
0.561579
0.692178
0.609970
0.723776
0.353229
0.438241
0.524261
0.829438
0.592211
0.742734
0.547267
0.497690
0.704088
0.759274
0.748929
0.711341
0.301011
0.739844
0.404009
0.504437
0.509430
0.779466
0.778745
0.694426
0.546626
0.845552
0.834311
0.461542
0.546867
0.760755
0.839106
0.793231
0.871886
0.884296
0.756720
0.844320
0.780571
0.634783
0.464418
0.716272
0.350117
0.689416
0.475559
0.666748
0.515273
0.386573
0.785913
0.585970
0.776674
0.506476
0.703510
0.885152
0.577890
0.909349
0.778041
0.895039
0.772128
0.758351
0.845635
0.761915
0.605268
0.779411
0.516878
0.788942
0.569435
0.759755
0.880655
0.506714
0.730483
0.839346
0.443265
0.832476
0.404243
0.773803
0.823201
0.539878
0.652876
0.817969
0.755758
0.484801
0.789602
0.695013
0.564789
0.675495
0.758998
0.887413
0.740168
0.729316
0.745727
0.660645
0.762751
0.473781
0.519190
0.742000
0.765149
0.737900
0.699313
0.706026
0.636204
0.706188
0.491276
0.608591
0.798470
0.828578
0.875926
0.805795
0.793644
0.560820
0.665789
0.508538
0.630072
0.518331
0.623763
0.755258
0.394671
0.726492
0.827419
0.675480
0.512742
0.735799
0.631646
0.650448
0.631291
0.673098
0.494104
0.478705
0.776801
0.823335
0.505310
0.487445
0.593366
0.920290
0.750136
0.675376
0.529520
0.532249
0.810050
0.667622
0.879317
0.839654
0.743832
0.776446
0.751538
0.874713
0.273867
0.697959
0.788474
0.733523
0.845188
0.577957
0.793834
0.373872
0.722475
0.810006
0.564362
0.653416
0.640214
0.535644
0.556060
0.765644
0.577212
0.740124
0.472308
0.626912
0.684555
0.394424
0.458556
0.470112
0.694285
0.752064
0.623938
0.849615
0.752730
0.755278
0.782718
0.745723
0.872944
0.786503
0.720930
0.505699
0.635892
0.670436
0.783398
0.768692
0.809154
0.868930
0.679259
0.651439
0.801622
0.889695
0.916275
0.472811
0.860915
0.729981
0.680389
0.834720
0.783254
0.755351
0.671895
0.734601
0.710784
0.820651
0.515426
0.611760
0.786644
0.620889
0.802116
0.343771
0.701956
0.721907
0.655946
0.778846
0.734393
0.701846
0.670726
0.784617
0.737360
0.894247
0.536460
0.647732
0.386110
0.818427
0.639731
0.628829
0.173953
0.654991
0.872951
0.672728
0.544180
0.212008
0.800130
0.725466
0.621491
0.705826
0.455044
0.672491
0.931124
0.471385
0.536798
0.619040
0.608583
0.700366
0.742143
0.755250
0.667377
0.808703
0.656864
0.617636
0.898744
0.536801
0.835114
0.528677
0.552630
0.739924
0.727261
0.632763
0.766730
0.845799
0.780435
0.749100
0.393596
0.724636
0.667928
0.468448
0.534184
0.664094
0.767360
0.789887
0.545417
0.692946
0.648881
0.609994
0.668833
0.666041
0.773895
0.840933
0.412573
0.538842
0.745519
0.791164
0.922296
0.824624
0.572023
0.435554
0.823165
0.748848
0.532779
0.643468
0.836313
0.560788
0.746492
0.715509
0.705664
0.624329
0.455998
0.700643
0.789580
0.784684
0.745938
0.831691
0.552846
0.531681
0.590340
0.824543
0.838354
0.867577
0.798940
0.805436
0.900853
0.607506
0.666408
0.482679
0.647764
0.442550
0.725744
0.852293
0.654199
0.858559
0.734867
0.713941
0.693103
0.664208
0.708592
0.756451
0.714933
0.511850
0.638107
0.594061
0.644473
0.647591
0.862384
0.817835
0.659380
0.870943
0.777148
0.779395
0.484860
0.805885
0.719421
0.804279
0.498461
0.517503
0.671473
0.528841
0.724143
0.789077
0.851254
0.700161
0.535993
0.582336
0.780197
0.691528
0.753049
0.773923
0.875843
0.699540
0.838289
0.518040
0.715969
0.781730
0.648430
0.520514
0.401050
0.526954
0.534803
0.722439
0.622973
0.785549
0.561270
0.740111
0.867264
0.718292
0.692820
0.722390
0.732733
0.857236
0.475865
0.791762
0.678581
0.446160
0.777677
0.781218
0.668851
0.839215
0.612399
0.789874
0.797063
0.801625
0.777295
0.670944
0.699431
0.511518
0.771832
0.539958
0.683049
0.618931
0.781784
0.733685
0.268379
0.604936
0.508640
0.503755
0.642136
0.340806
0.584682
0.766855
0.765683
0.690767
0.877602
0.893716
0.640935
0.391710
0.690064
0.536874
0.483742
0.708761
0.796779
0.603826
0.379459
0.730234
0.521518
0.735571
0.748961
0.392080
0.708055
0.657927
0.561845
0.763142
0.378203
0.483852
0.576739
0.407554
0.727368
0.847642
0.749203
0.548157
0.862344
0.774718
0.728090
0.770436
0.800812
0.598762
0.800402
0.584150
0.517225
0.749740
0.691042
0.548800
0.388025
0.848069
0.516151
0.686763
0.718793
0.685250
0.566161
0.883092
0.851660
0.650456
0.909964
0.654470
0.350905
0.687539
0.369112
0.590289
0.672579
0.556260
0.513898
0.779450
0.792165
0.571692
0.610441
0.796581
0.624855
0.741265
0.417014
0.558310
0.607602
0.732187
0.618270
0.774024
0.325745
0.890388
0.735392
0.797692
0.716596
0.767162
0.683847
0.683499
0.508765
0.627713
0.785096
0.780376
0.674661
0.921400
0.787057
0.641438
0.796108
0.932958
0.661214
0.777087
0.607238
0.593685
0.490948
0.728329
0.804760
0.599678
0.624905
0.623218
0.664202
0.776505
0.598329
0.560816
0.846874
0.508239
0.459305
0.544831
0.431188
0.639399
0.260373
0.696637
0.523032
0.585735
0.769882
0.677933
0.536629
0.585565
0.680349
0.798507
0.832894
0.594676
0.760705
0.610394
0.620996
0.772750
0.542732
0.781724
0.669526
0.777450
0.678125
0.589252
0.437377
0.738719
0.847509
0.712445
0.577733
0.803365
0.696796
0.719344
0.548528
0.733889
0.809083
0.804638
0.753857
0.372103
0.815267
0.837342
0.676427
0.789788
0.749787
0.645807
0.539333
0.836599
0.829193
0.646341
0.581728
0.755055
0.773184
0.862875
0.587745
0.708357
0.802467
0.833314
0.690164
0.853671
0.505778
0.739047
0.777616
0.566436
0.531513
0.847550
0.801838
0.525145
0.720665
0.727649
0.668527
0.801599
0.853691
0.708485
0.742353
0.460265
0.564595
0.761384
0.916364
0.886538
0.694308
