0.836623
0.995040
0.848434
0.825593
0.824411
0.856766
0.865914
1.167396
0.813459
0.892862
0.876733
0.796464
0.801532
0.865876
0.800035
0.792580
0.963128
0.901507
0.924791
1.001223
0.819727
0.907610
0.791669
0.849470
0.989179
0.830295
0.887500
0.965143
0.987725
0.832889
0.836876
0.808391
1.148921
0.907922
0.846866
0.937706
0.850484
0.884223
0.896730
0.923506
0.885588
0.812883
0.894299
1.164441
0.930603
0.873810
0.835232
1.731812
0.874948
0.902916
0.807961
0.988711
0.859232
0.997900
0.814134
0.877424
0.962603
0.933930
0.806581
0.830674
0.856232
0.931201
0.917059
0.822139
0.991379
0.834942
0.922179
1.278355
0.771257
0.912877
0.872778
0.883095
1.054248
1.022803
0.843476
0.919617
0.870407
0.802350
0.980523
0.856072
0.940823
0.880909
1.242759
0.868041
0.999516
1.021413
0.822858
1.029303
0.871783
0.855161
1.044709
0.799941
0.787306
0.815960
0.933634
0.981981
0.896916
1.203693
1.048873
0.913312
0.857424
0.895264
0.900469
0.805722
0.955234
0.836876
0.904835
0.881250
0.956921
0.851060
0.831280
1.018592
0.891788
0.869509
0.808977
0.906437
1.041629
0.811749
0.833351
0.809504
0.805305
1.000742
0.913031
0.975997
0.990297
1.044109
0.906358
0.806293
0.904994
0.895449
0.975388
0.877979
0.939122
1.004141
0.867084
1.039505
1.261293
0.842688
0.859666
0.821395
0.833935
0.930117
1.150612
0.895973
1.410792
0.979335
0.807893
0.839466
1.017153
0.817017
1.034438
0.870763
0.852113
0.794535
0.921895
1.028231
1.114156
0.873701
0.843833
0.858468
0.950194
0.846666
0.825421
0.911609
0.788943
1.036261
0.879208
0.977551
0.857965
1.100783
0.786402
0.828319
0.857686
0.832132
0.847225
0.857516
0.818442
0.766833
0.871450
0.953276
1.000386
0.829182
0.802462
0.845004
1.091503
0.927127
0.890847
0.876405
0.861991
1.002577
0.888586
0.849856
0.999153
1.022256
1.277901
0.941370
0.886954
0.860534
1.013739
0.867511
0.859349
0.813283
0.849596
0.942428
1.003236
0.900605
0.933486
0.857965
0.815332
0.910401
1.057053
0.828138
0.945892
0.982116
0.850999
1.031010
0.821445
1.053727
0.820731
0.812003
1.037814
0.975391
0.832787
0.822107
0.824841
0.853251
0.862609
0.926255
0.877082
0.982057
0.915733
0.925134
0.855837
0.797464
1.021719
0.929121
0.952500
0.868483
0.922384
0.916248
0.927303
1.061119
0.880680
1.018980
0.817777
0.891750
0.925337
1.203568
0.834602
0.946172
2.176220
0.952595
0.899673
0.862676
1.055408
0.907282
1.006900
0.816583
1.040410
0.844448
1.033418
0.924733
0.944515
0.848434
0.911825
0.891891
0.807646
0.864223
0.874536
1.128852
0.931690
1.185092
0.908016
0.933383
0.954136
1.012394
0.784110
0.912689
1.239228
0.872539
0.852867
0.828932
1.152697
0.897051
0.832826
0.964888
0.780885
0.879173
0.769205
0.854816
0.845348
0.887154
0.861616
0.897926
0.993129
0.872931
0.821425
0.876295
1.008299
0.965459
0.903185
0.930089
0.842558
0.918093
0.812949
0.989873
1.028477
0.811510
0.922569
0.804268
0.888998
0.865228
0.913450
0.857086
0.895709
0.891076
0.793837
0.938253
0.837054
1.072202
0.878783
0.806050
0.989884
0.881821
0.915268
1.042988
0.955013
0.870583
0.879414
1.004741
0.821678
0.877471
0.872729
0.836016
1.146016
0.844671
0.846639
1.140979
0.807971
1.004067
0.914688
0.887372
0.787227
0.971098
0.829826
1.089926
1.090353
0.853577
0.836435
0.824451
0.809552
1.010611
0.949063
0.954208
0.880588
0.839000
0.807019
0.935842
0.863896
0.914155
0.871849
0.875547
0.806977
0.840793
0.817790
0.993185
0.851060
0.933756
0.836888
0.884546
1.030993
0.801917
0.893490
0.834585
0.897671
1.017798
0.795278
1.087164
1.057166
0.999845
0.841485
1.040268
0.806268
0.807329
0.905821
0.830160
0.786396
1.082839
0.830295
0.799602
0.975643
1.414097
0.876206
0.924156
0.882171
0.829172
0.807621
0.831174
0.934376
0.842332
0.893780
0.835253
1.234139
1.044060
0.861542
0.772852
0.814185
0.816132
0.866992
1.062602
0.829430
0.906850
0.834602
0.872417
0.889572
0.800098
0.785705
0.821813
0.914427
1.244701
0.896617
0.964755
0.918349
1.016125
1.253366
1.157936
0.814733
0.918938
0.896644
0.947974
1.126367
0.801414
0.885007
0.781032
0.922519
0.869519
1.012886
0.950211
0.809248
1.228498
1.019910
0.922656
0.968564
0.918009
0.890738
0.849664
0.890708
0.912244
1.038730
1.137743
0.805310
0.788746
0.929693
0.910420
0.834607
0.877942
0.836544
0.951664
0.827223
0.980941
1.079470
1.154819
1.288329
1.087829
0.910804
0.855395
0.816895
0.835825
1.210465
0.851484
0.865812
1.031295
0.866206
0.852036
0.841703
1.161424
0.786476
0.885799
0.851784
0.913781
0.908881
1.037277
0.892197
1.023562
0.792587
0.975744
0.861111
0.866823
0.793326
0.888282
1.015934
0.794713
1.145677
0.847667
0.817903
1.008718
0.806236
0.912448
0.800729
0.849983
0.894475
0.804091
0.829648
0.805845
0.870529
0.861615
0.958555
1.045023
0.893578
0.897379
0.807089
0.876741
0.786374
0.809335
0.949830
0.826873
0.868901
0.848826
0.875551
0.888161
1.341836
1.081616
0.794784
0.917643
0.838899
1.038957
0.890526
0.873044
0.860323
0.808548
1.293358
0.798788
0.848391
1.079549
1.056026
0.882156
0.910317
0.850138
0.862543
1.014580
1.029497
0.900077
1.079470
1.018380
0.798592
0.857321
0.908016
0.953632
0.933081
1.008060
0.937792
1.120101
0.851026
0.925853
1.093404
0.962337
0.849847
0.904110
0.805334
0.818343
0.814918
1.102948
0.856687
1.119472
0.923190
0.868337
1.058371
0.800405
0.840732
0.813557
0.876352
0.794019
0.849163
1.215440
0.841215
0.949152
0.994718
0.936596
0.997917
0.986328
1.124230
0.816610
0.827304
0.807708
1.009613
0.837497
1.018071
1.071235
1.108321
0.958672
1.015982
0.789173
0.890352
1.060729
1.030766
0.810953
0.967053
0.832008
1.146461
0.888019
0.853117
0.826010
0.872361
1.121488
0.962642
0.806422
0.945363
0.831341
0.980768
1.074128
1.058380
0.807684
0.783963
1.158720
0.812221
0.990661
0.852505
0.867997
0.812287
0.942208
0.829434
1.028143
1.360506
0.939772
0.848490
0.897870
0.949904
1.120904
0.891532
0.923353
1.172967
0.841348
0.813466
0.854411
0.997623
0.783324
1.065120
0.852451
1.084644
0.915141
0.961375
0.990243
0.868483
0.780346
0.819823
1.042633
0.859294
0.856684
0.861472
0.913208
0.881257
0.824390
0.816132
0.848917
0.836073
0.789166
1.126746
0.868320
0.824757
0.983251
0.950575
0.952474
0.911578
0.848480
0.986532
0.960948
1.150603
0.849032
0.852924
0.777506
0.841386
0.856851
0.815598
0.868017
0.801900
0.814203
0.863031
0.825194
0.859106
0.831241
1.035920
0.980581
1.013336
0.993249
0.847012
1.045657
0.930515
0.930126
0.833936
0.803938
0.896983
0.881998
0.844546
0.888222
0.837089
0.813671
0.951428
0.832207
0.924975
0.799937
0.832933
0.819378
0.793266
0.773324
0.880944
0.821363
0.873411
1.131507
0.852275
0.844790
1.063110
0.966873
0.805750
0.900947
0.796678
0.805282
0.801854
0.854255
0.849992
0.833769
1.018833
0.770691
0.906926
0.805014
0.845384
0.913898
0.909544
0.939122
0.883123
0.900108
0.947766
0.974039
1.058094
0.842866
0.817777
0.753026
0.845524
0.892044
0.929774
1.135781
0.966045
0.901580
0.804926
0.828273
0.847332
0.818454
0.822635
0.932150
0.797597
0.855620
0.986874
0.812016
1.045394
0.894132
1.012334
0.873853
1.003556
0.864978
0.988730
1.032751
0.909279
1.064340
0.809834
1.168980
0.937648
0.825473
0.844432
0.839483
0.966467
0.894379
0.974974
1.070501
0.783277
0.886157
1.126062
0.836816
1.020776
0.989224
0.927831
0.769872
0.806982
0.962203
0.803870
0.965881
0.816959
0.944926
0.875423
0.815024
0.889711
0.950541
0.796452
0.862153
0.825661
0.969237
0.920745
0.803587
0.820024
1.053487
0.993908
0.836390
0.807286
0.795501
0.858008
1.020211
0.796393
0.890300
0.848826
0.817448
0.910230
0.812109
0.996979
1.178762
0.967672
0.907582
0.887852
0.937027
0.875426
0.850593
1.007306
1.018427
0.814085
1.172629
1.537583
0.880052
0.837397
0.932623
0.782052
1.022174
0.895410
0.860297
0.809181
0.877845
0.833110
0.856567
0.943770
0.822596
0.899383
0.830225
0.855121
1.086361
0.959867
1.061217
1.019978
0.944123
0.995515
0.800035
0.856288
1.070701
1.042368
0.792776
0.895141
0.794134
1.014712
0.827351
0.858093
0.967420
0.884828
0.933785
0.913181
0.898317
0.968180
1.033613
0.917032
0.949824
0.812563
1.130487
1.018848
0.868849
0.884657
0.819679
1.037651
0.817828
0.854090
0.882171
0.801515
0.947977
1.020675
0.879173
0.874111
0.902466
0.935461
0.808197
0.916834
0.909235
0.905516
0.863470
0.812016
0.797782
0.777448
0.814152
0.911391
0.836742
0.809782
0.906594
0.819969
0.858906
0.782143
0.993667
0.953050
0.950321
0.992109
1.206101
1.031692
1.011906
0.824987
0.978263
0.971793
0.836664
0.902062
0.923988
0.909264
0.833717
1.170250
0.881843
0.917185
1.015222
0.878715
1.117509
0.780068
1.038764
0.905516
0.895947
0.861135
0.817062
0.856779
1.160995
0.813042
1.066768
0.825370
1.239125
0.807697
0.802162
0.852367
0.946528
0.948606
1.140208
0.792177
0.829648
0.809504
0.963747
1.001737
1.124793
0.835563
0.820673
1.007852
0.902862
0.787106
0.973355
0.921913
0.844131
0.817268
0.892825
0.889389
0.907473
0.776729
0.841163
0.958924
1.103850
0.969608
0.896590
0.820898
0.916456
1.048550
1.120141
0.891150
0.942682
0.838387
0.870633
0.949504
0.910540
0.806361
0.799751
0.881998
0.934842
0.948304
1.045023
0.899838
0.923928
0.833463
0.940796
0.897783
1.206340
1.015982
0.866602
0.867743
0.828069
0.806354
1.140680
1.030592
0.871450
0.920304
1.096549
0.848826
0.820795
1.155227
0.850125
0.814042
0.765499
0.901768
0.843205
0.972803
0.973812
0.829310
1.271727
1.017429
0.882515
0.826811
1.004110
0.909775
0.873181
1.161543
0.962866
1.058167
0.839310
0.878779
0.842855
0.879498
0.845236
0.868118
0.850717
1.002676
0.902862
0.824435
0.855064
0.984074
0.800832
0.799217
0.867008
0.791993
1.002057
0.794432
0.809548
0.914031
0.813012
0.850123
1.045547
0.762688
0.912244
1.011063
0.818853
0.755672
1.055295
0.951664
1.133302
0.924975
1.214013
0.927345
0.997284
0.898216
1.005787
1.040410
0.954930
0.975176
1.033747
0.995063
1.103248
0.912628
0.966580
0.860510
0.805504
0.889426
0.828068
0.842585
0.798191
0.874560
0.935567
1.000639
0.871023
0.816551
1.242435
0.853902
0.923190
0.815533
0.861735
1.023688
0.780894
0.816686
0.798602
0.873079
1.156497
1.021741
1.287425
1.108060
0.790838
0.885124
0.896019
0.988180
0.833403
0.853179
0.807791
1.077501
0.968207
0.803538
0.807113
0.854381
0.800190
0.801680
0.851397
0.894132
0.941858
0.931370
0.831554
1.182206
0.812403
1.190902
0.867715
1.133187
0.873727
0.816659
0.849549
0.858194
0.875970
0.842092
0.807114
1.084439
1.246011
1.097015
0.838884
1.029856
0.958481
0.871132
0.905590
0.803451
0.893592
0.809335
0.944410
0.817400
1.098584
1.019910
0.844179
0.995804
0.828785
1.020406
0.849967
1.042625
0.835563
1.010006
0.839038
0.865124
0.833420
0.822233
0.813525
0.938333
0.909718
0.806293
0.947878
0.847673
0.908998
1.061441
0.879518
0.935453
0.880637
0.792473
0.768491
0.868918
0.811318
1.072640
1.029643
0.786036
0.951104
1.006072
0.796731
0.856057
1.027332
0.786402
0.844659
0.869022
0.828824
0.848893
1.165281
0.824132
0.809116
0.868894
0.790548
0.852588
0.801669
0.878497
1.065907
0.856731
0.810895
1.047572
1.187331
0.942070
0.801532
0.963772
0.794549
0.840532
0.812883
1.006956
0.807741
0.956738
0.849215
0.984701
0.970361
0.876733
0.899072
0.836623
0.980046
0.850301
0.832210
0.949761
1.024962
0.819618
0.958481
0.975319
0.966331
0.854455
0.966495
0.875632
1.259419
0.910963
0.817070
0.809782
0.846018
0.964427
1.092617
0.816594
0.803437
0.865906
0.783314
0.837431
0.890702
0.959061
0.795011
1.025011
1.075778
1.098584
1.136561
0.986826
0.846839
0.792058
0.907351
0.839038
0.786463
1.027080
0.839546
1.372305
0.938835
0.994965
0.936571
0.861075
0.891175
0.875518
0.790101
0.803195
0.918469
0.899838
0.865549
0.854531
0.847186
0.919332
0.912841
0.804342
1.109186
1.010391
0.804190
1.030100
0.853337
0.779343
1.060110
0.940493
0.831286
0.770468
0.806639
0.777699
1.127283
0.812604
0.932010
0.869262
1.016639
0.917601
0.944926
0.804342
1.045838
0.909521
0.984464
0.925119
0.906840
0.849619
1.034507
0.817857
0.874476
1.001087
0.787727
1.035180
1.034760
0.800127
0.791610
0.942822
0.969268
0.810511
1.343174
0.896648
0.874745
1.099699
0.804529
0.846066
0.971115
1.314719
0.927968
1.094318
0.848736
0.837225
1.004762
0.848744
1.059250
0.833997
0.927660
0.973874
0.798163
0.930006
0.889789
0.851188
0.788243
0.974756
1.072955
0.984483
0.804104
1.039711
1.311301
0.860946
0.897196
0.799205
0.773797
0.917649
0.824841
0.946787
0.825739
1.151405
0.785679
0.774895
0.812706
0.946404
0.946313
0.810414
0.891391
0.862633
1.014613
1.071439
0.815691
0.862435
0.820904
1.186448
0.977551
0.845902
0.894480
0.910506
0.971375
0.979650
0.896868
1.055273
0.948979
0.981204
0.857385
0.874979
0.879349
0.919542
0.925108
0.805332
0.817047
0.800706
1.121651
0.885575
1.025960
0.842585
1.883936
1.059448
0.861151
0.929059
0.793626
1.118028
0.882768
0.795700
0.902976
1.016093
1.217318
0.894425
0.981641
1.409104
0.904749
0.916386
0.898559
0.912918
0.783619
1.086304
1.322931
0.900966
0.933938
1.068196
0.994412
1.119058
0.784348
0.957066
0.910703
0.967201
0.816663
0.983424
0.918682
0.895970
1.086664
0.976421
1.305573
0.785762
0.806306
0.926957
0.854667
0.976845
1.248401
0.877589
0.824044
0.805829
1.065712
0.805809
0.886545
0.849032
1.000625
1.017553
0.896062
0.832904
1.085937
0.938253
0.979415
1.365205
0.890797
0.999520
0.882898
0.823707
0.769555
0.801572
0.974473
0.837919
0.996417
0.825711
0.939956
0.799100
0.946256
0.800497
0.868211
0.808147
0.841609
0.936527
0.822423
0.819163
0.849129
0.779004
0.936099
0.875672
0.804788
0.877778
0.808385
0.793723
1.093659
0.873489
0.820138
0.791436
0.920506
0.781137
0.815052
0.875826
0.860460
0.908223
0.885229
0.874832
0.850778
0.849316
0.933785
0.848826
1.118892
0.841488
0.841358
1.010854
0.944041
0.806306
0.771760
0.905649
1.137159
0.971982
0.858364
0.906930
1.083844
0.886360
0.839148
0.926884
0.806321
0.884201
1.043659
0.989975
1.144077
0.855062
1.066961
0.936636
0.900966
0.930076
0.929693
1.353448
1.141350
0.802651
1.102506
1.128867
1.111734
0.846110
1.250606
0.931388
0.800291
0.868445
0.824957
0.974001
1.083127
0.869991
0.870589
0.836777
0.900438
0.912788
0.970979
0.797618
0.913450
0.847073
0.780649
1.191581
0.822522
1.060807
0.888151
0.979696
0.850379
0.833630
0.899297
0.804720
0.824811
1.437927
0.835905
1.014862
1.030929
0.829483
0.888916
0.882714
0.805014
1.294287
0.935192
1.007711
1.002149
0.823284
0.793698
0.990460
0.840525
0.873405
0.944224
0.924957
0.951635
0.817393
0.888105
0.939772
0.850079
0.791968
1.019653
1.163066
0.826452
0.898726
0.954989
0.935403
1.055620
0.804596
0.859335
0.949982
0.915475
0.818416
0.816477
0.939811
0.825448
0.959867
0.842791
1.277934
0.806214
0.846291
0.831624
0.831539
0.834903
0.948878
1.011817
0.832826
0.871587
1.118438
0.833769
0.983701
0.988515
0.858093
1.064349
1.159278
0.800700
0.962192
0.954930
0.947453
0.865806
0.971069
0.887941
0.910741
0.771613
0.984727
1.039835
0.882785
0.819289
1.038719
0.819904
0.814901
0.850301
0.892389
0.824774
0.809170
0.807791
0.800759
0.875352
0.820371
1.274843
0.859214
0.921717
0.991947
0.970857
0.799941
1.010223
1.000123
0.802191
1.056383
0.803073
1.033265
1.037000
0.910506
0.876305
1.227060
0.939893
1.121495
0.943517
0.795717
0.823964
0.868689
0.980408
0.969366
1.186885
0.795842
1.296285
0.812353
0.991048
0.900169
1.024744
0.976655
0.860510
0.819556
0.924076
0.811011
0.984047
1.382059
0.929059
0.878562
0.857516
0.816670
0.884534
0.892475
1.140718
0.815626
0.896316
0.830287
0.910230
0.974514
0.930985
0.812367
0.854604
1.160969
0.817114
0.817487
0.955178
0.905409
0.952399
0.812239
0.965586
0.931488
0.838926
0.872076
0.839405
0.836061
1.135861
1.066474
0.937686
0.809065
0.906740
0.917242
0.862585
0.886615
0.808777
0.889093
1.138973
1.171396
1.066173
1.152679
1.084622
0.796669
1.041076
0.967159
0.809940
0.838349
0.766028
1.117956
0.898626
0.944926
0.973706
0.870215
0.939260
0.979659
0.834021
1.022766
0.916231
0.837980
0.921067
0.856636
0.994485
0.815410
0.814049
0.996510
0.892904
0.971742
0.919927
0.958509
0.849129
0.926905
0.786895
0.793153
0.875215
0.830792
0.794918
1.104317
1.158386
0.931112
1.412667
0.965459
1.000459
1.209977
0.859638
0.810373
1.000796
0.817703
0.884138
0.947545
0.852077
0.836287
0.827242
0.805109
0.875411
0.769202
0.897977
1.052264
1.011507
0.810493
0.862957
0.804460
0.970603
0.876741
0.826451
0.844508
1.108465
0.981196
0.782758
0.803256
0.966475
0.875199
0.818041
1.007333
0.898488
0.906740
1.063177
0.802755
0.882637
0.905852
0.843091
0.857952
1.332879
0.996448
0.811601
0.837400
0.883316
0.837780
1.105378
0.957582
0.885887
0.923385
0.842508
1.004501
0.834903
0.911214
1.231771
0.940608
1.195822
0.967696
0.923004
0.884380
0.940516
0.814028
0.856241
1.137783
1.024064
0.890377
0.931056
0.953341
0.980563
1.007207
1.031777
0.838152
0.817062
0.808691
0.782917
0.904220
0.987053
0.830624
0.872693
0.792319
0.831157
0.868297
0.873392
0.902156
0.767293
0.995541
1.052565
0.830675
0.809262
1.211410
0.838758
0.902296
1.011454
0.812997
0.983110
1.087986
0.941540
0.859176
1.063224
0.826451
0.800689
1.027674
0.840529
0.803437
0.831239
0.886204
0.789745
1.052836
0.818564
1.058214
0.996088
0.897977
1.084958
1.114357
0.828011
1.043265
0.808276
0.938274
0.944390
0.855121
0.826296
0.878329
0.923979
0.944926
0.824523
0.825188
1.114234
0.908384
0.869451
0.821421
0.878726
0.955807
1.240933
0.827368
0.893779
0.896425
0.844447
0.948514
0.953050
1.014906
0.795871
0.905826
0.800562
0.791094
1.079835
0.817047
0.883602
1.088350
1.065465
0.956175
1.011935
0.813545
0.800660
0.830846
0.855634
0.908014
1.051180
0.822233
1.266665
0.847928
0.809586
0.952319
1.064127
0.824460
0.967666
0.851184
0.788855
0.819556
0.791414
1.189753
0.967259
0.929862
0.847979
0.997739
1.025690
0.827384
0.797373
0.828626
0.888758
0.823407
0.980938
0.840166
0.828986
0.909691
0.810805
0.785970
0.778116
0.836021
1.301036
0.794746
0.903663
0.770708
1.025045
0.856704
0.813249
0.865947
0.980768
1.063375
0.932347
0.915171
0.975596
0.817941
1.027124
0.862894
0.867651
1.018980
0.947527
0.847357
0.776212
0.944115
0.828269
1.103850
0.816607
0.818574
0.882645
0.841589
1.024969
0.839000
1.058291
0.846018
1.068316
0.898051
0.852334
1.064170
1.055404
0.818157
0.830868
0.835488
0.957100
0.943060
0.848826
0.827054
1.098962
0.779343
1.044547
0.998113
0.801713
1.029744
0.903366
0.788540
0.794793
0.872729
1.250278
0.846476
0.817703
0.785950
0.784259
0.914621
0.960469
0.863901
1.170387
1.089842
1.222714
0.847477
0.985485
0.811912
0.995671
0.906267
0.845747
0.867802
0.826230
0.896955
1.016679
0.854801
1.251341
0.849664
0.932163
0.875411
0.883454
0.819479
0.852774
1.010607
0.795107
1.176065
0.826811
0.872719
0.930065
1.162647
0.909604
0.818562
0.896633
0.841820
0.843836
0.913450
0.861926
0.779352
1.093404
0.894593
0.908778
1.035191
1.091434
0.909849
0.911389
0.980689
0.872308
0.876377
1.108951
0.958509
0.877729
0.900877
0.832010
0.845921
0.907961
0.821535
0.908887
1.117210
0.869668
0.818040
0.923083
0.816534
1.053231
0.795871
0.888224
0.883530
1.075778
0.931175
1.051361
0.902253
0.939608
0.904837
0.807811
1.077258
0.964755
0.803720
0.872865
0.874282
0.944522
0.859712
0.920354
0.968957
0.952697
0.879309
1.087377
0.956015
1.032583
0.873079
0.866510
1.013424
0.857270
0.924307
0.823026
0.909766
0.835274
0.790449
0.911010
1.060356
0.876641
0.876680
0.923691
0.792500
1.045769
0.792540
0.865043
0.987941
1.045396
0.816519
1.365321
0.804268
0.841897
1.028152
1.046720
1.112958
0.819456
0.859369
1.136575
0.852586
0.948566
0.915736
0.891268
0.934735
0.920142
0.884594
0.897513
0.802344
1.040118
0.803629
0.973192
1.101180
1.016679
0.902550
1.023529
0.908306
0.905999
0.930571
0.816000
0.827342
0.993254
0.796298
0.824006
0.884307
0.871933
1.050671
0.919416
0.968018
0.826017
0.981652
0.960861
0.777557
0.942438
0.872931
0.832544
0.903007
0.971405
0.973355
0.978750
0.826758
0.893239
0.824969
0.861243
0.862633
0.965464
0.954362
0.880944
0.885561
0.945166
1.127020
0.845758
1.069566
0.824888
0.963913
0.847732
0.853341
1.104803
1.083638
0.838058
1.074128
0.823928
0.839000
1.055151
0.781254
0.859427
0.790326
1.129019
0.881076
0.950618
0.886419
0.910404
0.862633
0.876989
0.972368
0.833910
0.803720
0.792990
0.861467
0.910540
0.806056
0.985403
1.034569
1.027201
1.157354
0.841831
0.993839
0.799097
0.999429
0.927737
0.846022
0.825657
0.876221
0.872445
0.807960
0.924208
0.833935
0.843257
1.231859
0.963505
0.815143
1.114687
0.865944
0.889613
0.818025
0.848920
1.046366
0.881417
1.000091
1.050041
0.804987
0.869066
1.007061
1.143082
1.014308
0.992698
1.135272
0.841862
0.863434
0.821058
0.896229
0.823538
0.847002
0.844661
0.868227
0.865426
1.109303
1.118398
0.806306
0.796430
0.932616
0.795993
0.791982
0.906345
0.806751
0.890599
0.897873
0.847713
0.825173
0.911983
0.796293
0.872729
0.825880
0.837908
0.817610
1.022012
0.814932
0.944390
0.861216
0.862703
0.843659
0.882033
0.801374
0.894763
0.803720
0.920542
0.835911
0.829674
0.862161
0.820812
0.899463
0.823522
1.000364
1.286232
0.801016
0.830210
0.902831
0.851479
0.928053
0.907323
0.887998
0.925337
0.802633
0.870626
0.819037
0.820795
1.020379
0.986432
1.056635
0.982993
0.805464
1.061105
0.875518
1.077098
0.823044
0.799764
0.836289
0.977860
0.815554
0.901878
0.947195
0.901019
0.795775
0.851349
0.886334
0.876627
0.872167
1.066174
0.891421
0.893401
0.859512
0.819123
0.845223
0.916381
0.805303
1.218708
0.998045
1.190744
1.041430
0.881766
0.899180
0.890599
0.823104
0.833913
0.815878
1.140097
0.901666
1.097384
0.836355
0.851677
1.008433
0.794746
0.851171
1.043873
0.857424
0.938250
0.810981
0.884284
0.805109
0.987577
0.874266
0.905058
1.102506
0.905366
0.981617
0.850911
0.837743
0.838460
1.096570
0.841831
0.872188
0.966235
0.858108
0.812925
1.022306
0.844540
1.020008
0.795775
1.102162
0.856194
0.857745
0.834391
1.056157
0.925699
0.860838
0.848161
0.841212
0.859437
1.178044
0.814873
0.914771
0.809093
1.045394
1.118078
1.124617
0.891798
1.010413
0.979394
0.793570
1.052204
0.892238
0.810856
0.817400
0.801913
1.019914
1.034425
0.849113
0.929468
0.843372
0.885955
0.815780
0.850999
1.023035
0.844023
0.957431
0.885262
0.789166
0.812335
0.831235
0.975166
0.851940
0.995455
0.864505
0.821433
0.860139
1.084690
0.929774
0.881174
0.872873
0.863867
1.355308
0.851805
0.909295
0.799421
0.974324
0.857424
0.837433
0.772232
0.792959
0.821951
0.840022
0.790054
0.808867
0.846639
0.939318
0.838398
1.066502
0.910941
1.109632
0.966464
0.824294
0.832008
1.061095
0.799194
0.810307
0.970100
0.853291
0.881618
1.020186
0.820785
0.852867
0.828273
0.816761
0.831451
0.902831
0.891426
0.908625
0.849711
0.921739
0.830287
1.179206
0.951350
1.052058
0.808592
0.815648
0.798504
1.102162
1.006064
0.825473
0.822182
0.972884
0.989967
0.915171
0.916675
0.998463
0.958212
1.025362
0.839819
0.868869
0.854816
0.927884
0.805334
0.943140
0.874096
0.864977
0.962205
0.833214
0.789894
1.006780
1.007061
0.867790
0.958672
0.919137
0.886525
1.068259
1.140718
0.850368
0.974824
0.804369
0.830039
0.838152
0.796315
1.108037
0.903791
0.821409
0.940131
0.799205
0.986145
0.979573
0.903495
0.794861
0.814317
0.916675
0.920545
0.878066
0.864376
1.072935
1.053174
0.797218
0.979607
0.988159
1.167231
0.796604
1.121595
0.870077
0.888330
0.951416
0.848682
1.020292
1.278758
0.947071
1.107566
0.889093
0.870878
0.887352
0.988095
1.065233
1.173138
1.115140
0.833004
0.787535
0.811281
0.894432
0.854357
0.832203
0.931157
1.012394
1.019498
0.839546
0.802831
0.870937
0.833739
0.873176
0.870898
0.852261
1.216285
0.855760
0.812148
0.788802
1.158386
1.254533
0.896735
1.134336
1.090587
0.857949
0.964085
0.803720
0.999615
0.794918
0.826622
0.825729
0.998336
0.791096
0.770425
0.820177
0.913799
0.847760
0.886803
1.049098
1.233006
0.830808
1.038103
0.830236
0.830052
0.907252
0.811318
0.862609
0.978831
0.825188
0.935138
0.844448
0.859682
0.897077
0.855562
0.904764
0.810559
0.803279
0.946169
0.929452
0.822585
0.865495
0.983084
0.805034
1.072006
0.854688
0.997547
0.817184
0.823480
0.918416
0.843781
0.836707
0.974840
0.948514
0.816933
1.359537
0.930586
0.860946
0.874478
0.914144
0.837378
0.822865
0.840637
0.861756
1.001268
0.916582
0.824356
0.964112
0.832008
0.868930
0.837392
0.824050
0.906674
1.322240
0.918895
0.882358
0.809905
0.857761
0.982807
0.925432
0.878570
0.821556
0.894880
1.049606
0.956563
1.114636
1.131768
0.918194
1.022200
0.936180
0.830960
0.770360
1.123392
0.808743
0.809940
0.828138
0.938506
0.947231
1.134946
0.961546
0.972368
1.338168
0.854925
0.787793
1.222554
0.793661
1.126184
0.941408
1.005623
1.111114
0.984547
1.034339
0.878969
0.993779
1.349618
0.906648
1.039117
0.966135
0.969145
0.930731
0.815890
0.799099
1.199017
0.937492
1.116567
0.843269
0.839422
0.817828
0.849206
1.093500
0.982923
1.312858
0.785029
0.971069
1.029044
1.127687
0.741788
0.791180
0.822545
0.860226
1.483735
0.896929
0.890827
0.942978
0.923846
0.956375
0.906550
0.905826
0.957503
0.806805
0.814115
0.797782
0.893001
0.871005
0.869908
0.845966
0.881493
1.047759
0.975643
0.861460
0.815578
0.925621
0.812915
0.794504
0.799761
0.790287
1.150302
0.826276
1.216694
0.895099
0.903263
0.870174
1.022878
1.039275
0.935139
0.778645
0.827684
1.250130
0.838884
0.993435
0.919030
0.870316
1.052336
0.969517
1.069875
0.969411
0.872147
0.888151
0.890103
0.830015
0.770310
0.888916
0.905755
0.793395
1.150748
0.939101
0.969438
0.772503
0.861123
0.853480
0.945384
0.944934
0.829648
0.794504
0.834585
0.860153
1.226988
0.825733
0.870467
0.797300
0.988072
0.925618
0.884223
0.974437
1.030145
1.072901
0.864049
1.002921
1.372278
1.426990
1.164687
1.144946
0.947766
1.114799
1.020222
0.905651
0.919248
0.949597
1.075925
0.856126
0.884731
0.810852
0.957160
0.856044
0.932359
0.878275
0.817541
1.025920
0.836588
0.942778
0.859294
0.801603
1.126884
1.091503
0.804402
0.876165
0.924855
0.860076
0.812741
0.993553
0.881493
1.224223
0.987253
0.868989
1.124895
0.865043
0.899295
0.857270
0.798309
0.997550
0.889754
0.805716
0.859910
0.843897
0.999717
1.054813
0.853903
0.880317
0.850771
0.844236
0.813930
0.765616
0.938470
0.852336
0.940489
0.803200
0.839294
0.922663
0.990040
0.804067
0.884194
0.929693
0.857041
0.800858
0.787758
0.921396
0.816610
0.835316
1.032589
0.821425
0.849716
0.987279
0.901878
0.944543
0.868894
1.088206
0.851726
0.991156
1.106363
1.013934
0.862499
0.810853
1.089837
0.907483
0.945395
0.832584
0.851788
1.240957
0.866599
0.840950
0.848493
1.301195
1.090053
0.884534
0.830846
1.079341
0.996088
0.826120
0.814085
0.848879
0.994176
0.851723
0.863604
0.898030
0.855357
1.231154
0.820505
1.242254
0.884947
1.069566
0.846494
0.989328
0.869908
0.796722
1.087206
0.805303
0.885732
0.902556
0.895368
1.071226
0.895494
1.002530
0.785859
0.810987
0.825225
0.886427
0.823383
1.007333
0.982644
1.065734
1.097838
0.957237
0.978221
0.970511
0.853445
1.008223
0.834023
1.088597
0.892120
0.795683
1.158875
1.076712
1.103069
1.095810
0.851044
1.040961
0.812344
0.844433
0.792025
0.943148
0.870055
0.867819
0.913804
1.187121
0.895247
0.931919
1.093983
0.796929
0.881655
0.803720
1.269096
1.136821
0.904994
0.852651
1.071226
1.167768
0.955004
0.780649
1.018815
0.830523
0.880627
0.995807
0.888869
0.916732
0.824277
0.874857
0.800922
0.813012
0.898757
0.876986
0.915649
0.871541
1.053231
1.085604
0.882156
0.835371
1.029367
0.857424
0.946868
0.808657
0.963741
0.971869
1.012855
0.806361
1.153403
0.986437
1.184898
0.911076
0.807346
1.205071
0.909727
0.989906
1.118195
0.812777
0.886197
0.781254
1.301767
0.954224
0.900920
0.814820
0.933332
0.805224
0.837230
0.913308
0.968709
0.905825
0.820158
0.683323
0.852924
0.886940
0.813545
0.855943
0.824975
0.802041
0.820884
0.833992
0.814212
0.901267
0.852534
0.838270
1.131768
0.928602
0.809552
0.941288
1.256611
0.841930
0.912854
1.159312
0.988205
0.901394
0.806078
0.947040
0.821437
0.828572
0.857317
0.975975
1.065136
0.863470
0.870407
0.844967
0.776157
0.961751
0.830295
0.816895
0.873273
0.846049
0.952864
0.893122
0.900797
1.065420
0.833439
0.878066
1.150478
0.822935
0.926905
1.237972
0.841907
0.888310
0.897657
0.806633
0.942978
1.003979
0.852924
0.901658
0.925466
1.084898
0.990297
0.928192
0.944695
0.784148
0.939080
1.014010
1.082157
0.933785
0.917909
0.842791
0.906838
0.840585
0.858992
0.794504
0.831763
0.864187
0.808983
0.991759
1.000394
1.029618
0.784911
1.098251
1.047746
0.947927
0.875162
0.935935
0.955186
0.859734
1.018374
0.956258
0.781343
0.836731
0.815143
0.981898
0.938100
0.814912
0.926177
0.865517
0.836317
0.864548
0.820672
0.834391
0.929575
1.067207
0.876867
0.820160
0.970260
0.806293
0.974418
1.090627
1.069162
0.837987
0.940493
0.796881
0.908994
0.958674
0.829583
0.825421
1.366646
0.837994
1.192836
0.887212
0.892604
0.825412
0.986041
0.820305
0.819096
1.227681
0.819957
0.815278
0.837658
0.962603
0.801474
0.834296
0.986910
0.833769
0.906740
1.020379
1.169831
0.927511
0.845236
0.894176
0.990887
0.907703
0.945017
0.902907
0.936248
0.898553
0.795232
0.796003
0.843279
0.865226
0.853995
0.890128
1.096203
0.945411
1.000944
0.854411
0.922722
1.245270
1.057634
0.861811
0.802093
0.913097
0.938293
0.903190
0.873285
0.968267
0.887100
0.808197
0.996738
0.806833
0.872119
0.836722
1.155540
1.242406
0.897170
1.063311
0.798582
0.873176
1.044349
0.987007
0.878778
0.823357
0.937567
0.852827
0.887445
1.045256
0.819142
1.051180
0.814085
0.941713
0.988540
0.931218
1.081764
1.080403
0.778898
0.942327
1.096055
1.320531
0.982465
0.988159
0.815233
0.810789
0.914640
0.807646
0.946093
0.822698
0.918895
0.882156
0.945740
0.813483
0.837392
0.938219
0.795012
0.919941
0.788958
0.999433
0.857721
0.897295
0.793264
0.982380
0.945384
0.870077
1.084439
0.999022
0.911802
0.988245
0.981273
1.206012
0.849263
0.837203
0.942966
0.873565
1.074968
0.829821
0.763794
0.798708
0.956907
0.799806
0.829583
1.098302
0.904411
0.991569
0.878138
0.789763
0.860209
0.888483
0.797180
0.852924
1.054071
0.824432
0.843588
0.968531
0.944123
1.114668
0.834901
1.021741
0.937143
0.924646
0.924866
0.842412
0.802192
0.806293
1.050580
0.935178
0.873846
0.913872
1.049991
1.020292
0.945835
0.845758
0.807113
1.012393
0.908211
0.817407
1.047249
1.424656
1.227681
0.983110
0.833239
0.835215
0.854984
0.867608
0.788305
1.006263
0.899367
1.037429
0.887138
1.167231
0.846671
0.948304
0.858721
1.192347
0.810134
0.825421
0.929208
0.818795
0.837219
0.818913
1.102541
0.915171
0.912342
0.788270
0.836420
0.937626
0.779131
1.115395
0.876498
1.083673
0.823707
0.971756
0.818511
0.899709
0.911376
0.947850
0.864139
1.022726
0.820056
0.822761
0.797533
0.914189
1.000487
0.856225
0.868773
0.890264
1.029856
1.356179
0.826308
0.830825
0.897770
1.184449
0.868527
0.802062
0.849890
0.803261
0.943018
0.998367
0.809402
0.982515
0.864405
0.844001
0.995737
0.966122
0.873285
0.983201
0.808451
0.812181
0.919279
0.785842
0.845781
0.955002
1.001296
0.863151
0.990599
0.926718
1.009913
0.856281
0.889072
0.824509
0.835905
0.826341
0.820476
0.903045
0.903632
0.825950
0.853627
0.985172
0.842182
0.883723
0.865759
1.069668
0.894429
1.186805
0.860233
0.803982
0.790518
0.814028
0.813773
1.020224
0.961339
0.770791
0.837474
0.762261
0.841163
0.821629
0.858364
0.780757
0.833183
0.930586
0.932378
0.858109
0.812925
0.869032
0.827376
0.966094
1.103093
0.939365
0.886550
0.872689
0.810462
0.835615
0.929695
0.900737
0.797060
0.816175
0.807621
1.204038
0.807741
1.213977
1.114203
1.059665
0.807575
0.812470
0.844318
0.798249
0.964427
0.865885
0.951167
0.841126
0.880276
0.936294
0.914371
1.027628
1.098513
0.824055
0.927217
0.874752
0.793626
1.000220
0.828314
0.784739
0.994586
1.064340
0.839045
1.214907
0.971642
1.061095
1.004584
1.022306
1.101788
0.827796
0.975430
0.897733
0.858961
0.873786
0.816405
1.017973
0.860226
0.861730
1.023529
0.807067
0.848567
0.953272
0.852992
1.048276
0.998788
0.891138
1.039630
0.975896
1.028111
0.846842
0.906437
0.842397
0.906943
0.813544
0.940954
0.888677
0.892318
1.010174
0.819554
1.001174
0.836558
0.850368
0.845418
0.850745
0.835052
0.821934
0.891359
1.024168
1.362380
0.959355
0.849967
0.805154
1.087194
0.954478
0.879489
0.873405
0.868930
0.838917
0.999520
1.052479
0.968237
1.231771
0.986821
1.038764
1.073679
1.130723
0.954135
0.885942
0.996043
0.876711
0.824056
0.868191
0.832440
0.898540
1.088632
0.942763
0.883095
0.829730
0.824158
0.865597
0.931702
0.840498
1.238466
0.876110
0.933450
0.885869
0.799345
0.987469
0.932010
1.108705
0.822761
1.023318
0.937331
0.826558
0.832922
0.842497
0.889799
0.878020
1.277797
1.106254
0.831616
0.909992
1.190829
1.025920
0.811281
0.816776
1.225879
0.792083
0.994506
1.025492
0.803732
0.922384
0.931175
1.127348
0.804504
0.841820
0.956564
0.780886
0.838840
0.827376
0.915588
0.810858
0.781564
0.782350
0.887110
0.869668
0.845462
0.928675
1.167202
0.837658
0.922559
0.979607
0.874705
0.804591
0.809501
1.083071
0.788078
0.821893
1.114945
1.111866
0.858278
1.068439
0.853909
1.046617
0.827054
0.861576
1.236989
0.868635
0.971642
0.844126
0.894129
0.805927
1.007373
0.890473
0.800456
1.085309
0.794203
0.941858
0.992718
0.766272
0.851434
0.843399
1.305317
0.810637
0.877586
0.904496
0.996778
0.872109
0.978831
0.802839
1.032885
0.829369
0.890530
0.826229
0.832544
1.043876
0.847422
0.860945
0.820114
0.907782
0.923750
0.863918
0.779428
1.031056
0.854925
0.856106
1.210465
0.907030
0.823326
0.897211
0.816382
1.280744
0.951104
0.833206
1.014016
0.780292
1.127020
1.024658
0.831658
0.779744
0.927388
0.864052
0.926276
1.318556
0.788427
0.860148
0.795269
0.837884
0.896226
0.837987
0.813348
0.896648
0.812472
1.103676
0.964936
0.969415
0.798890
1.006064
1.000395
0.947768
0.889722
1.031756
0.856225
0.993279
0.781942
0.830167
1.239502
0.936572
0.933938
0.806127
0.796219
0.859226
1.156549
0.836576
0.975707
0.901463
0.936297
1.115792
1.022173
0.962170
0.818040
1.085603
1.112223
0.878770
0.775910
0.858917
0.985158
0.876221
1.011137
0.988708
0.892792
0.915733
0.924678
1.050286
1.256328
0.801076
0.885193
0.827606
0.859652
1.023812
0.853580
0.925386
1.043261
1.298832
0.810518
1.099753
0.970494
0.820725
0.986158
1.129807
0.813720
0.996658
0.823093
0.824044
0.874368
1.213637
0.813525
0.866498
0.867190
0.920745
1.111967
0.866852
0.820283
0.841966
0.807731
0.772019
1.248881
0.980563
1.034668
0.848446
0.825607
0.877342
0.989034
1.084755
0.830692
0.990756
0.857952
0.829483
1.039641
1.016831
1.062000
0.796393
0.869516
0.940634
1.189572
0.853303
1.021427
0.847155
0.833168
1.134086
0.960948
0.825599
0.881417
1.013052
0.811347
0.799613
0.902337
0.841933
0.969145
0.997550
0.831936
0.909727
0.872977
0.837214
0.789461
0.844915
0.967717
1.041372
1.194645
0.778893
0.824044
1.108671
0.858728
0.942268
0.805305
0.895131
0.874266
0.950072
1.001296
0.866368
0.830207
0.855157
1.017291
0.912736
0.814134
0.779241
0.908035
1.136100
1.036507
0.802352
0.950972
0.876058
0.817872
0.884461
0.846072
1.072816
0.853861
0.824375
0.774782
1.034039
0.956586
0.919462
0.879369
0.879162
0.974190
0.912868
0.976509
0.815066
1.065960
0.819904
1.038792
0.897296
0.900024
0.858321
1.024633
0.896560
1.085309
1.095623
0.824563
0.860390
0.970100
0.853270
0.800856
0.898016
0.945144
0.861467
0.822251
0.818416
0.885198
0.803982
0.922799
0.857086
0.956066
0.858194
0.878969
0.891499
0.923465
0.929292
1.002597
0.962887
0.862412
1.125885
0.845184
0.926689
0.809858
0.794535
1.054568
0.971528
1.114878
1.146436
0.998411
0.940009
0.839984
0.793573
0.914348
0.922067
0.909701
0.811921
0.877175
0.836782
0.865418
0.772031
0.802157
0.808930
1.075283
0.850778
0.954758
0.867368
0.835563
0.929695
0.980590
0.848546
0.876884
0.790336
0.796246
0.870643
0.905553
0.925035
0.874098
0.988393
0.848826
0.985184
0.819145
1.035517
0.833214
1.004308
0.885799
0.798200
0.802406
0.818157
0.978248
1.174376
0.825256
0.911616
0.907980
0.853886
0.765821
0.797282
0.808713
0.866759
0.831859
0.812015
1.421119
0.971632
1.097630
0.788045
0.883587
0.839561
0.948658
0.953470
0.957408
0.837839
0.986038
0.903632
1.052213
0.923944
1.261159
1.164219
0.871391
0.942601
1.089509
0.868280
0.870529
0.972695
0.795011
0.894362
0.825255
0.862872
0.998282
0.858721
0.821792
0.852454
0.805750
0.909519
0.816615
0.913308
0.797583
0.826230
0.887033
1.126567
0.864589
0.937379
0.855376
0.812617
1.108970
0.859776
0.823970
0.805282
0.828572
1.183816
0.938888
0.884564
0.784318
0.856251
0.856841
0.871493
0.810981
0.882983
0.813249
0.801363
0.964536
0.793661
0.826772
0.844578
0.894697
0.902550
0.829248
1.232558
0.797385
0.877746
0.967567
0.807723
0.866777
0.857168
0.928362
0.938518
0.850932
0.795853
1.132415
0.882819
0.866241
0.780258
0.790428
0.780462
0.865043
1.175394
0.832544
1.004308
0.971110
0.789153
1.172015
1.010107
0.842267
1.011399
0.875515
0.825448
0.931853
0.997945
0.863340
0.788569
0.986232
1.214535
0.919615
0.859776
0.771075
0.974824
0.905017
1.102111
0.832337
0.821433
0.784607
0.887852
0.859570
0.987354
0.921577
0.880093
0.832799
1.045769
1.002577
0.863867
0.991545
0.860419
0.923691
0.892401
1.001296
0.842626
0.812367
0.958876
0.919165
1.033877
0.846450
0.847723
0.890515
1.116845
1.190383
0.855654
0.878419
0.783390
1.007169
0.796669
0.875826
0.824112
0.818246
1.221304
0.848532
0.865226
0.796136
1.408102
0.837078
0.970911
0.920295
1.064117
0.939654
0.885013
1.017956
0.831023
0.854604
0.879315
0.981316
0.816594
0.974051
0.916789
0.807110
0.793154
0.796415
0.851865
1.008207
0.782387
0.988141
0.904411
0.919137
0.786958
0.845433
0.804843
1.083638
0.807420
0.972614
0.806607
0.849032
0.874306
1.110434
0.790823
0.835781
0.810960
0.865597
0.805829
1.015225
0.857848
0.874613
0.896983
0.831117
0.825059
0.987818
0.900776
0.852275
0.842248
0.998252
0.844771
0.967726
0.885727
0.941300
0.872647
0.851545
0.861756
0.865524
0.876206
1.002905
1.124464
0.808592
0.904411
0.814364
0.826017
0.824553
0.862239
0.797583
0.830331
0.914037
0.824322
0.788483
0.965309
0.811991
1.146131
0.941294
0.816686
0.789621
0.880264
0.909918
0.983254
0.819628
0.816659
1.128967
1.040118
0.928238
0.828853
0.990880
0.826230
0.784647
0.858532
0.811885
0.876221
0.856106
0.928356
0.820988
1.001269
0.962170
0.935677
0.849936
0.940046
1.232685
0.828115
1.368294
1.052479
0.868424
0.950587
0.877815
0.895086
0.794040
0.818263
1.001194
0.863586
0.910123
0.888916
0.833400
0.811206
0.877729
0.799613
0.949332
0.933794
0.777419
0.976792
0.939260
0.828658
0.823614
0.862239
0.837497
0.905658
1.107498
0.867222
0.950194
0.797060
0.938689
1.100334
0.780258
1.020222
0.813233
0.808713
0.827505
1.245253
1.387846
0.998994
1.126567
0.932378
0.868008
0.849837
0.886092
0.946313
0.846444
0.847291
0.964108
0.902956
0.885897
0.852953
0.909136
0.874669
0.875547
0.847957
0.854216
0.806674
0.761553
0.964868
0.835253
0.761837
0.815066
0.856281
0.850892
0.877846
0.861860
0.827864
0.880264
0.803422
0.964921
0.775272
0.822081
0.839444
0.805016
0.879864
0.769470
0.871780
0.834696
0.919912
0.884380
0.775971
0.839559
0.839089
0.810944
0.983895
0.898184
0.781043
0.853968
1.013371
0.954930
0.895131
0.845656
0.884565
0.906550
0.795269
0.843326
0.782924
0.922001
0.984771
0.806422
0.770633
0.798890
0.875743
0.934072
0.803297
0.758977
0.787911
0.760921
0.826370
0.897671
0.842173
0.831235
0.856932
1.208763
0.859232
0.792246
0.852765
0.889607
0.889925
0.880570
0.833463
0.879814
0.968169
0.755655
1.007681
0.877175
0.918093
0.941110
0.841348
0.875619
0.813466
0.880052
0.801621
0.872102
0.961161
0.851397
0.855939
0.849311
0.838596
0.838596
0.908972
0.917643
0.806486
0.850962
1.021231
0.835825
0.798765
0.803566
0.809453
0.969703
0.809923
0.827738
0.914121
0.871068
0.897910
0.897680
1.007204
0.848036
0.980889
0.960230
0.900776
0.782338
0.962642
0.855657
0.854495
0.900283
0.601302
0.851071
0.864679
0.853602
0.801745
0.914365
0.950011
0.823688
0.896573
0.874705
0.812367
0.908920
0.784608
0.905690
0.921751
0.795875
0.981524
0.853266
0.853836
0.816890
0.898513
0.859182
0.897926
0.822353
0.901348
0.896420
0.913106
0.933788
0.844771
0.884461
0.754845
0.929451
0.910886
0.811392
0.961771
0.860644
0.767639
0.883494
0.982733
0.919029
0.915171
1.040730
0.814200
0.832039
0.852020
0.825188
0.855943
0.832887
0.874642
0.871392
0.819968
0.780298
0.790202
1.036749
0.832547
0.820785
0.902074
0.870458
1.178786
0.901470
0.903014
0.811800
0.830295
0.858876
0.975146
0.839294
0.934001
0.833135
0.809655
0.843850
0.868557
0.899443
0.839383
0.905206
0.854514
0.902325
0.820673
0.946990
0.848595
0.850533
0.895014
0.829730
0.840114
0.944890
0.972566
0.801037
0.828658
1.271513
1.069536
0.888141
0.838077
1.115284
0.974420
1.017088
0.992842
0.814553
0.889275
0.848186
0.800091
0.837400
0.808373
0.808713
0.868211
0.938487
0.817546
0.958341
0.882180
0.905779
0.859826
0.822226
0.837252
1.340528
0.789216
0.895742
0.805248
0.892475
0.804532
0.806982
0.917481
0.818453
0.807110
0.839439
0.845899
0.766138
0.794559
0.889362
1.007285
0.804201
0.849983
0.888513
1.062269
0.849729
0.810662
0.816479
0.826622
0.848920
0.838899
0.961329
0.914829
0.763991
0.940385
0.797856
0.908211
0.974009
0.950725
0.788269
0.916253
0.908939
0.916524
0.908453
0.869779
0.844500
0.894046
0.823717
0.792540
0.848269
0.814983
0.868227
0.807074
0.877951
0.839829
0.892953
0.835840
0.878149
0.940046
0.816276
0.867923
0.854984
0.874705
0.852978
0.847758
0.934678
1.026674
0.799085
0.798873
0.840436
0.922032
0.903307
0.925396
0.847628
0.873739
0.822544
0.806019
0.819142
0.991303
0.878561
0.854491
0.864842
1.186335
0.850127
0.982657
0.816164
0.899517
0.881765
0.840720
0.837646
1.124209
0.794761
0.867997
0.935677
0.845004
0.999608
0.958156
0.952109
0.860570
1.049451
0.843711
0.832328
0.835052
0.914427
0.850101
0.991744
0.930265
0.971016
0.844412
0.806979
0.862756
0.807791
0.776729
0.913899
1.021412
0.834931
0.813367
0.880415
0.876221
0.859875
0.820177
0.904571
0.857948
0.920867
0.879053
0.937246
0.801763
0.838326
0.857949
1.048869
0.791842
0.826901
0.846666
0.856122
0.769522
0.833437
0.778856
0.626750
0.849520
0.810819
0.840950
0.871098
0.840155
0.880354
1.007593
0.836896
0.834694
0.794301
0.837810
0.869454
0.840812
0.949286
0.890350
0.827277
0.859848
0.796847
0.980397
0.801493
0.905747
0.892692
0.964544
0.844761
0.754347
0.880865
0.991559
0.922142
0.841319
0.937384
0.939548
0.884534
0.871016
0.828290
0.832678
1.133699
0.836360
0.784216
0.819553
0.868584
1.186448
0.974880
0.795775
0.842558
0.875396
0.812915
0.815442
0.783103
0.811617
0.861476
0.887941
0.974028
0.831658
0.822034
0.831361
0.946895
0.844419
0.966817
0.871392
0.952969
1.013942
0.809432
0.777170
0.909633
0.913103
0.782696
0.932748
0.935101
0.917036
0.958123
1.011855
0.850187
0.881750
0.830216
0.884058
0.809310
0.919341
0.867080
0.897021
0.805310
0.900356
0.930482
0.955163
0.930026
0.839226
0.896932
0.976845
0.860838
0.859232
0.793851
0.864138
0.879100
1.173147
0.798246
0.819633
0.902606
0.829183
0.928305
0.915751
0.864417
0.974643
0.799077
0.807741
0.837205
0.912380
0.973322
0.891875
0.877890
0.766630
0.834408
0.801425
0.794553
0.858411
0.885245
0.979012
0.851677
0.903013
0.824056
0.882952
0.950393
0.866446
0.836809
0.852924
0.769587
0.844698
0.805208
1.019424
0.846526
0.814873
0.881998
0.722024
1.017606
0.802618
0.756580
0.890473
0.882983
0.995737
0.854216
0.975223
0.895495
0.868884
0.863263
0.813635
0.838974
0.830207
0.834729
0.782624
0.745683
0.876701
0.764926
1.386255
0.884404
0.789653
0.820386
0.829665
0.849664
0.859053
0.820924
0.797315
0.891677
0.831700
0.859214
0.968868
0.823093
0.825356
0.790287
0.863062
0.909633
0.885241
0.830720
0.826816
0.821395
0.827511
0.848374
0.908035
0.813045
0.822394
0.821433
0.806639
0.838540
0.784641
0.819636
0.880723
1.361354
0.861831
0.782624
0.881257
0.838326
0.845384
0.786399
0.929121
0.939059
0.847116
0.887500
0.925599
0.892514
0.920374
0.780359
0.937110
0.916960
0.806240
0.845671
0.847126
0.891362
0.856288
0.878779
0.782051
0.810682
0.795875
0.909521
0.775603
0.820992
0.892514
0.824969
0.872688
0.858278
0.806284
1.016761
0.876976
0.860782
0.840341
0.898853
0.989322
0.909207
0.877330
0.831824
0.786367
0.819679
0.805826
0.863229
0.922257
0.931488
0.870758
0.791586
0.838326
0.975662
0.826622
0.889072
0.880910
0.864190
0.841158
0.831713
0.867289
0.963119
0.861228
0.775208
0.863573
0.851462
0.827351
0.750997
0.918273
0.870407
0.810945
0.811356
0.770994
0.802598
0.576976
0.874552
0.824029
0.808769
0.853303
0.806982
0.796731
0.822855
0.929484
0.835274
0.816448
0.748739
0.866874
0.797483
0.836582
0.903379
1.010890
0.885480
0.827365
0.798183
1.109133
0.829151
0.855267
0.810180
0.912960
0.783472
0.864244
0.897170
0.892348
0.804735
0.819289
0.904452
0.818193
0.803224
1.269484
0.887637
0.811902
0.855562
0.803859
0.801724
0.784829
0.812836
0.801696
0.839256
0.820957
0.956307
0.783476
0.829622
0.874030
0.872146
0.815195
0.885126
0.835964
1.006391
0.858838
0.917481
0.925621
0.855625
0.927367
0.775565
0.845747
0.875973
0.844906
0.780407
0.794135
0.870407
0.833239
0.886684
0.849470
0.809574
0.762176
0.755799
0.949803
0.806663
0.823783
0.947750
0.895360
0.851905
0.835652
0.934033
0.930055
0.817820
1.164450
0.795045
0.802993
0.881136
0.960739
0.808535
0.899933
0.838197
0.865941
1.029557
0.812582
0.821722
0.861476
0.846842
0.830960
1.025445
0.797159
0.844815
0.817992
0.883104
0.975685
0.825711
0.906857
0.969196
0.861811
0.809432
0.897114
0.916735
0.894973
0.778806
0.920542
0.733518
0.839567
0.811128
0.873079
0.818223
0.865759
1.058558
0.804932
0.810184
0.791469
0.846778
0.771596
0.824128
0.904077
0.895556
0.815651
0.870077
0.857516
0.868082
0.806979
0.839321
0.922663
0.799476
0.782473
0.794010
0.867617
0.943761
0.797930
0.987026
0.887154
0.896735
0.816808
0.804439
0.983542
0.811823
0.802192
0.808691
0.822459
0.910177
0.817743
0.801016
0.874771
1.025371
0.853337
0.802460
0.848308
0.909595
0.934058
1.167779
0.763659
0.772232
0.874771
0.805023
0.851739
0.815648
0.912760
0.861259
1.084185
0.824132
0.801654
0.807697
0.833084
0.848826
1.114276
0.824322
0.879124
0.958765
0.829654
1.324758
0.791110
0.859437
0.882785
0.845580
0.844082
0.805327
0.893176
0.873846
0.807783
0.835685
0.852992
0.892823
0.822107
0.914536
0.856078
0.774332
0.811395
0.856288
0.950368
0.892945
0.867625
0.845433
0.861591
0.865124
0.855876
0.854762
0.959831
0.916834
0.945072
0.903850
0.842108
0.840076
0.829691
0.927634
0.895360
0.864655
0.844321
0.779746
0.812391
0.975596
0.830007
0.885077
0.859773
0.999908
0.902985
0.876793
0.829351
0.847519
0.859413
0.866833
0.940648
0.841860
0.953898
0.834100
0.870763
0.827404
0.799933
0.900040
0.985572
0.853602
0.953632
0.916391
0.909633
0.950321
0.831713
0.781700
0.849211
0.917922
0.865418
0.957423
0.936420
0.835872
0.814347
0.836888
0.859936
0.830808
0.907066
0.777602
0.956694
1.000382
0.789858
0.874077
0.920825
0.766807
0.857616
0.832767
0.834632
0.809854
0.869315
0.895373
0.780577
0.803505
0.807402
0.804240
0.851905
0.903860
0.947476
0.906613
0.849506
0.832592
0.876082
0.965441
0.843379
0.886707
0.925863
0.774220
0.795568
0.833239
1.035874
0.788358
0.837293
0.998487
0.817392
0.960376
1.030397
0.778817
0.778757
0.877790
0.805640
0.830039
0.930743
0.915694
0.777506
0.837797
1.262267
0.916960
0.874745
1.018653
0.807537
0.878581
0.896152
0.799217
0.852712
0.806321
0.833456
0.844815
0.953517
0.849057
0.894781
0.878551
0.853033
0.843139
0.932445
0.841358
0.818917
0.957145
0.857498
0.789659
0.878641
0.814855
1.160858
0.815691
1.178513
0.892157
0.853244
0.746855
0.814508
0.798038
0.815066
0.823388
0.761927
0.925088
0.834163
0.786396
0.864973
0.807697
0.783581
0.944041
0.807684
0.836774
0.838071
0.818025
0.852953
0.795815
0.780292
0.885873
0.886692
0.843876
0.859610
0.929208
0.800774
0.888111
0.969411
0.862541
0.883283
0.937384
0.940481
0.877790
0.818698
0.776005
0.837740
0.799077
0.961181
0.896986
0.806961
0.900248
0.844967
0.907282
1.022687
0.824845
0.765179
0.814751
0.832708
0.889960
0.857090
0.860589
0.776131
1.029610
0.889754
0.875631
0.842860
0.935539
0.947319
0.993983
0.851642
0.781032
1.119483
0.842656
0.859232
0.846308
0.810149
0.907498
0.782537
0.876707
1.327097
0.898409
0.827113
0.798213
0.836160
0.861277
0.840409
0.787782
0.844847
0.897794
0.982807
0.799734
0.793171
0.892767
0.803002
0.826868
0.845004
0.935856
0.912069
1.066484
0.866241
0.820203
0.856812
0.975908
0.885892
0.767121
0.880093
0.872109
0.842814
0.873521
0.770578
0.921577
0.822217
0.946164
0.798576
0.843485
0.775722
0.920078
0.917649
0.777275
0.792479
0.824351
0.810144
0.898853
0.927401
0.839848
0.832193
0.871532
0.887320
0.881627
0.804268
0.747909
0.860782
0.878443
0.853886
0.833301
0.821443
0.889613
0.926649
0.872684
0.808938
0.948950
0.759248
0.822545
0.977717
0.861031
0.839233
0.833992
0.824969
0.843781
0.915798
0.864654
0.845423
0.790512
0.805681
0.817546
0.881787
0.828138
0.943060
0.866479
0.942536
0.786755
1.104175
0.822139
0.769446
0.932393
0.897211
0.846996
0.907282
0.846740
0.825885
0.801159
1.050555
0.897114
0.798547
0.872120
0.871424
0.905279
0.851982
0.929695
0.804731
0.893653
0.907922
0.861052
0.944394
0.855517
0.874197
0.993228
1.056279
0.844661
0.880264
0.798163
0.881514
0.839425
0.845160
0.889072
1.042465
0.821555
0.829839
0.810545
0.861751
0.978945
0.895247
0.807402
0.841979
0.931560
0.814971
0.788903
0.975176
0.863182
0.813553
0.814212
0.917575
0.794134
0.777512
0.945119
0.792959
0.878462
0.858673
0.795775
0.854751
0.792966
0.871997
0.921510
1.105332
0.844090
0.806039
1.010514
0.887100
0.999429
0.941090
1.058552
0.833647
0.862756
0.965464
1.018592
0.835641
0.857275
0.868290
0.810699
0.841930
0.883526
0.780407
0.825591
0.849967
0.909998
0.833087
0.968660
0.860871
0.881639
0.892604
0.809968
0.810209
0.876833
0.855712
0.818389
0.857223
0.861748
0.858766
0.867375
0.789095
0.799933
0.933785
1.136821
0.779310
0.955725
0.844269
0.853244
0.828269
0.781032
0.827521
0.829951
0.801475
0.797583
0.839483
0.996744
0.951016
0.842959
0.830015
1.141713
0.879491
0.923083
0.865043
0.903007
0.858008
0.818416
0.889041
0.949287
0.851359
0.895153
0.935751
0.865179
0.806975
0.828296
0.831507
0.898445
0.771660
0.888330
0.809591
0.746556
0.880072
0.887511
0.799379
0.993920
0.973153
1.048045
0.889056
0.838832
0.859610
0.831744
0.820036
0.915733
0.770910
0.845524
0.792322
0.874371
0.798586
0.821337
0.888115
0.895709
0.956397
0.857577
0.835101
0.850374
0.858053
0.847580
0.829474
0.872959
0.881775
1.074018
0.825711
0.818698
0.897582
0.869404
0.787116
0.881036
0.908211
0.833463
0.918397
0.844883
0.862894
0.817980
1.028327
0.780783
0.785015
0.824712
0.834502
0.992976
0.806916
1.023392
0.876405
0.770994
0.831148
0.837658
0.854988
0.860084
0.852367
0.973952
0.852784
0.778234
0.773324
0.774282
0.832236
0.900436
0.938331
0.926664
0.798309
0.857949
0.800494
0.845823
0.784603
0.876895
0.899967
1.578999
0.929412
0.827174
0.881262
0.977094
0.990243
0.961043
0.844359
1.032789
0.993063
0.827507
0.877321
0.904036
0.840960
0.799927
0.866510
0.969160
0.843408
0.848826
0.807266
0.758290
0.844578
0.825593
0.759568
0.781411
0.871830
0.848217
0.973535
0.986907
0.925492
0.897733
0.869778
0.896062
0.878138
0.759357
0.803549
0.862117
0.866852
0.835115
0.853767
0.871541
0.887372
0.779391
0.841906
1.013793
0.927746
1.111967
0.938079
0.731307
0.842959
0.979335
0.808368
0.791669
0.924828
0.850189
0.946484
0.890953
0.887072
0.807971
0.805670
0.821067
0.838369
0.837203
0.783520
0.841400
0.788281
0.867743
0.890098
0.865205
0.964349
0.842408
0.975155
0.937561
0.874197
0.820856
0.811690
0.753069
0.843476
0.807639
0.865334
0.777186
0.867351
1.055201
0.959892
0.808983
0.813674
0.812757
0.909126
0.872539
0.870758
0.816222
0.809785
0.909102
0.884208
0.863284
0.837224
0.929759
0.966030
0.918430
0.859098
0.865490
0.924685
0.857151
0.797369
0.803549
0.802802
0.805593
0.855331
0.925698
0.859666
0.792355
0.856766
0.811991
0.804460
0.825588
0.984379
0.854381
0.825722
0.895465
0.770353
0.819636
1.220357
0.854216
1.049385
0.891104
0.876884
0.824790
0.793153
0.822271
0.965846
0.758172
0.860835
0.888897
0.903686
0.866310
0.811601
0.802901
1.018489
0.846039
0.851055
0.846654
0.936566
0.838060
0.895976
0.839593
0.869133
0.809940
0.790368
0.803732
0.885666
0.819396
0.787770
0.874557
0.787638
0.769638
0.803345
0.967087
0.921552
0.839717
0.867608
0.795775
0.900382
0.810907
0.868424
1.132787
0.855672
0.871149
0.951423
0.871964
0.970239
0.861259
0.867676
0.906117
0.836182
0.826873
0.783031
0.785313
0.778475
0.820191
0.832529
0.826010
0.814373
0.868191
0.792319
0.806311
0.873333
0.853767
0.817612
0.788838
0.781192
1.069422
0.806382
0.837741
0.938465
0.784212
0.733394
0.986499
0.939443
0.795875
0.867802
0.825188
0.850183
0.802901
0.809937
0.946088
0.940634
0.810335
0.973056
0.819109
0.841566
0.870583
0.825323
0.819724
0.964982
0.776878
0.806968
0.830620
0.850643
0.849716
0.806236
0.833112
0.850088
0.834466
0.760838
0.878808
0.844269
0.887763
0.925100
1.030572
0.875068
0.758495
0.888580
0.781343
0.905524
0.873578
0.824294
0.792564
0.777699
0.800600
0.813742
0.856950
0.959539
0.924590
0.897607
0.896573
0.977950
0.901121
0.769249
0.896909
0.834594
0.905747
0.852774
1.125931
0.820731
0.877330
0.849202
0.804982
0.870190
0.871273
0.958600
0.916171
0.805212
0.833769
0.799118
0.845340
0.959272
0.836731
0.836536
0.789162
0.847579
0.846494
0.816821
0.916387
0.875184
0.947678
0.904185
0.838917
0.950306
0.777705
0.880135
0.797416
0.962372
0.844698
0.862848
0.821951
0.801942
0.839425
0.789894
0.795454
0.793356
1.029677
0.828257
0.812949
0.910992
0.838840
0.829200
1.053999
0.782268
0.840436
0.814317
0.864601
0.951758
0.982467
0.779629
1.169007
0.872047
0.856841
0.800927
0.809224
0.820480
1.151811
0.773496
0.802026
0.920798
1.073319
0.858261
0.850771
0.892238
0.752487
0.856288
0.826452
0.928872
0.740894
0.815780
0.965093
0.825644
0.782254
0.824055
0.822009
0.818580
0.940807
0.824451
0.866155
0.812874
0.892238
1.128734
0.787452
0.804133
0.812344
0.872229
0.772527
1.044508
0.765794
0.801879
0.881585
0.902615
0.816874
1.089813
0.963304
0.892904
0.779589
0.816916
0.831615
0.860710
0.828286
0.864251
0.880072
0.850878
0.868280
0.841566
0.880909
0.864049
0.950321
1.096695
1.006377
0.824375
0.861860
0.939014
0.822169
0.821234
0.828296
0.825873
0.827606
1.003849
0.881417
0.903852
0.905760
0.984218
0.857321
0.927914
0.964898
0.858765
0.956499
0.960751
0.831713
0.858994
0.785893
1.000937
0.961081
0.814442
0.881821
0.832244
0.861853
0.919927
0.927714
0.758524
0.794451
1.079432
0.788470
0.944115
0.887507
1.038967
0.844410
0.811483
0.852562
0.956431
0.852704
0.832799
0.896218
0.795280
0.813501
0.890532
0.895467
0.846839
0.896560
0.859139
0.845915
0.837158
0.950744
0.945027
0.831719
0.788254
0.891536
0.833739
0.793021
0.808971
0.867802
0.863182
0.841215
0.865803
1.078509
0.964394
0.790443
0.810893
0.858875
1.021519
0.913781
1.066898
0.934725
0.878220
1.008965
0.837266
0.790823
0.766851
0.856335
0.832016
0.893351
0.768167
0.885198
0.873810
0.873917
0.873817
0.817594
0.814292
0.810493
0.888862
1.117740
0.816154
1.122360
0.920825
1.076625
0.908348
0.864647
0.908080
0.863775
0.818025
0.981455
0.825574
0.894362
0.863109
0.829386
0.912676
0.813045
0.843502
0.915339
0.797050
0.894460
0.800291
0.812886
0.901586
0.830880
0.979928
0.915588
0.844236
0.822897
0.868500
0.842225
0.812251
0.916791
0.870662
1.000161
0.916315
0.883090
0.886677
0.954125
0.861309
0.911964
0.819396
0.857070
0.868473
0.821787
0.875973
0.892945
0.852451
0.827821
0.922992
0.809670
0.968699
0.935917
1.147968
0.880052
0.848128
0.814912
0.792025
0.844161
0.885541
0.828932
0.781564
0.885732
0.735608
0.880470
0.940774
0.858397
0.798891
0.864071
0.822544
0.856297
0.811800
0.819319
0.781701
0.797796
0.898940
0.952740
0.802298
0.782279
0.797327
1.014365
0.800165
0.808017
0.933835
0.766596
0.925908
0.806581
0.959757
0.992238
0.890032
0.921154
0.852300
1.047576
0.818614
0.850198
0.873489
0.839559
1.002211
0.877919
0.889232
0.818725
0.932010
0.862473
0.848893
0.796758
0.784127
0.821816
0.759376
0.921652
0.886194
0.935035
0.765986
0.967834
0.884828
0.786476
0.895779
0.786572
1.021479
0.831713
0.830816
0.901479
0.896992
0.942595
1.050469
0.843049
1.000309
0.861309
0.789671
0.832364
0.731151
0.788386
0.935052
0.901647
0.972634
1.088348
0.910377
0.805208
0.820785
0.996050
0.977267
0.840039
1.060600
0.875696
0.851774
0.886428
0.847360
0.916875
0.790785
0.825315
0.929862
0.939811
0.850615
0.860065
0.921888
0.850932
0.940817
0.797300
0.875110
0.925100
0.794514
0.899132
0.853668
0.903007
0.851774
0.903860
0.855113
0.896353
0.810664
0.830717
0.756856
0.916981
0.819319
0.763399
0.819364
0.867383
1.004457
0.850513
0.858702
0.873846
1.008026
0.850234
0.862894
0.947476
0.750748
0.826426
1.120286
0.776970
0.776011
0.897963
0.841257
0.894781
0.887736
0.816414
0.799082
0.881514
0.854811
0.846764
1.021737
0.821067
1.045238
0.891815
0.808253
0.907675
0.866879
0.817777
0.905607
1.061338
0.933952
0.963874
0.913552
0.860592
0.852712
0.869475
0.833099
0.846226
0.882053
0.922910
0.804823
0.816847
0.906806
0.801360
0.801352
0.882391
0.864805
0.960045
0.963061
0.824655
0.868825
1.020152
1.288375
0.913824
0.835872
0.868655
0.969876
0.942822
0.830849
0.897171
1.053093
0.828173
0.890969
0.829617
0.884695
0.829023
0.893176
0.855625
0.931004
0.830207
0.619472
0.875734
0.755859
0.812969
0.815383
0.944522
0.985293
0.970023
0.900029
0.946382
1.093461
0.849856
0.850484
0.814515
0.772138
0.801207
0.876968
0.969249
0.816405
0.932896
0.873772
0.861277
0.885309
0.836731
0.852602
0.870758
0.866616
0.812439
0.768792
0.790675
0.869890
0.777096
1.003673
0.921416
0.802691
1.072795
0.854753
0.889136
0.887306
0.957343
0.850338
0.944236
0.813421
0.788742
0.813827
0.853037
0.860884
0.808971
0.951899
0.832084
0.800497
0.848567
0.943761
0.872865
0.891337
0.888823
1.072202
0.855629
0.937973
0.775135
0.855331
0.984771
0.879014
0.793575
0.815788
0.851814
0.862273
0.810652
0.784019
1.058262
0.817725
0.933891
0.980435
0.903271
0.824666
0.866088
0.860767
0.989280
0.863854
0.967267
0.857577
0.761976
0.904079
0.877729
0.832368
0.939183
0.814046
0.915182
0.967420
0.846719
0.831235
0.779932
0.891798
0.760317
0.953115
0.770993
0.881620
0.760346
0.864308
0.838323
0.840022
0.804843
0.786870
0.794740
0.783103
0.868527
0.780736
0.840537
0.868191
0.931258
0.980953
1.043119
0.790893
0.840618
0.798530
0.779278
0.844508
0.854174
0.900169
0.752658
0.824957
0.880052
0.830875
0.903013
0.807596
0.850272
0.835398
0.880593
0.866805
0.940568
0.904013
0.827231
0.797930
0.870467
0.874314
0.978456
0.814328
0.830849
0.838081
0.876585
0.890635
0.874476
0.877170
0.864110
0.869438
0.834472
0.807114
0.888380
0.828068
0.830510
0.818086
1.078551
0.813022
0.835154
0.886267
0.869817
0.806158
1.119080
0.970103
0.999922
1.164607
0.816890
0.833894
0.913031
0.813331
0.889313
0.827153
0.867926
0.827796
0.888861
0.994390
0.864190
0.897648
0.896954
0.818290
0.880072
0.826649
0.790202
0.826069
0.904077
0.928728
0.881148
0.842726
1.079872
0.889254
0.856288
0.804091
0.935972
0.804890
0.790659
0.822394
0.880449
0.891225
0.918342
0.833909
1.266642
0.615071
0.783490
0.896468
1.210175
0.861075
0.843372
0.887151
0.811767
0.809787
0.927871
0.920349
0.795625
0.780335
0.837333
0.818884
0.916732
0.783619
0.806951
0.881750
0.881493
0.824732
0.895322
0.789696
0.821267
0.822865
0.922500
0.785015
0.771490
0.877729
0.874557
0.777261
0.809903
0.891985
0.927489
1.057419
0.795775
0.926333
0.778154
0.864303
0.889613
0.846476
0.845809
0.866909
0.912450
0.857056
0.780844
0.789745
0.863151
0.897448
0.920887
0.801363
1.026429
0.932081
0.817703
0.851466
0.851784
0.913905
0.958923
0.824608
1.005478
0.669188
0.899838
0.822182
0.879300
0.876600
0.868280
0.882765
0.894585
0.980299
0.810309
0.811823
0.968322
0.810869
0.902310
0.845233
0.816404
1.021231
0.904185
0.967060
0.945395
0.786769
0.881297
0.840010
0.869066
0.886803
1.037277
0.927264
0.774307
0.945089
0.796085
0.859884
0.907641
0.909457
0.862239
0.953169
0.893287
0.899497
0.888273
1.094656
0.963714
0.835563
